/*--------------------------------*- C++ -*----------------------------------*\
| =========                 |                                                 |
| \\      /  F ield         | OpenFOAM: The Open Source CFD Toolbox           |
|  \\    /   O peration     | Version:  v1912                                 |
|   \\  /    A nd           | Website:  www.openfoam.com                      |
|    \\/     M anipulation  |                                                 |
\*---------------------------------------------------------------------------*/
FoamFile
{
    version     2.0;
    format      ascii;
    class       volScalarField;
    location    "0.02/fluid";
    object      T;
}
// * * * * * * * * * * * * * * * * * * * * * * * * * * * * * * * * * * * * * //

dimensions      [0 0 0 1 0 0 0];


internalField   nonuniform List<scalar> 
14592
(
273.646
273.665
273.45
273.262
273.142
273.074
273.038
273.022
273.018
273.026
273.056
273.134
273.329
273.817
275.075
278.486
273.646
273.665
273.45
273.263
273.142
273.074
273.038
273.022
273.018
273.026
273.056
273.134
273.328
273.816
275.074
278.485
273.646
273.665
273.45
273.263
273.142
273.074
273.038
273.022
273.018
273.026
273.056
273.133
273.327
273.814
275.072
278.483
273.646
273.665
273.45
273.263
273.142
273.074
273.038
273.022
273.017
273.026
273.055
273.131
273.323
273.809
275.065
278.479
273.646
273.665
273.45
273.263
273.142
273.074
273.038
273.021
273.017
273.025
273.053
273.127
273.316
273.797
275.049
278.467
273.646
273.665
273.45
273.263
273.142
273.074
273.038
273.021
273.016
273.023
273.05
273.121
273.302
273.77
275.007
278.429
273.646
273.665
273.45
273.263
273.142
273.074
273.038
273.021
273.016
273.021
273.045
273.109
273.275
273.711
274.896
278.296
273.646
273.665
273.45
273.263
273.142
273.074
273.038
273.02
273.015
273.019
273.038
273.092
273.23
273.595
274.615
277.768
273.646
273.665
273.45
273.262
273.142
273.074
273.039
273.022
273.019
273.03
273.066
273.159
273.391
273.969
275.42
279.07
273.646
273.665
273.45
273.262
273.142
273.074
273.039
273.022
273.019
273.03
273.066
273.159
273.39
273.968
275.419
279.069
273.646
273.665
273.45
273.263
273.142
273.074
273.038
273.022
273.019
273.03
273.066
273.158
273.389
273.966
275.416
279.068
273.646
273.665
273.45
273.263
273.142
273.074
273.038
273.022
273.019
273.029
273.064
273.156
273.385
273.96
275.41
279.064
273.646
273.665
273.45
273.263
273.142
273.074
273.038
273.022
273.018
273.028
273.062
273.151
273.377
273.947
275.392
279.052
273.646
273.665
273.45
273.263
273.142
273.074
273.038
273.022
273.018
273.027
273.059
273.143
273.36
273.915
275.345
279.013
273.646
273.665
273.45
273.263
273.142
273.074
273.038
273.021
273.017
273.025
273.053
273.13
273.328
273.847
275.219
278.871
273.646
273.665
273.45
273.263
273.142
273.074
273.038
273.021
273.016
273.021
273.045
273.109
273.275
273.711
274.896
278.296
273.646
273.665
273.45
273.262
273.142
273.074
273.039
273.023
273.021
273.033
273.073
273.176
273.428
274.047
275.557
279.218
273.646
273.665
273.45
273.262
273.142
273.074
273.039
273.023
273.021
273.033
273.073
273.175
273.427
274.046
275.556
279.217
273.646
273.665
273.45
273.263
273.142
273.074
273.039
273.023
273.02
273.033
273.072
273.174
273.425
274.043
275.553
279.216
273.646
273.665
273.45
273.263
273.142
273.074
273.039
273.023
273.02
273.032
273.071
273.172
273.421
274.037
275.546
279.212
273.646
273.665
273.45
273.263
273.142
273.074
273.039
273.022
273.02
273.031
273.069
273.167
273.412
274.022
275.528
279.2
273.646
273.665
273.45
273.263
273.142
273.074
273.038
273.022
273.019
273.029
273.065
273.158
273.394
273.989
275.478
279.16
273.646
273.665
273.45
273.263
273.142
273.074
273.038
273.022
273.018
273.027
273.059
273.143
273.36
273.915
275.345
279.013
273.646
273.665
273.45
273.263
273.142
273.074
273.038
273.021
273.016
273.023
273.05
273.121
273.302
273.77
275.007
278.429
273.646
273.665
273.45
273.262
273.142
273.074
273.039
273.023
273.021
273.035
273.078
273.185
273.448
274.083
275.609
279.259
273.646
273.665
273.45
273.262
273.142
273.074
273.039
273.023
273.021
273.035
273.078
273.185
273.447
274.081
275.608
279.258
273.646
273.665
273.45
273.263
273.142
273.074
273.039
273.023
273.021
273.035
273.077
273.184
273.445
274.079
275.605
279.257
273.646
273.665
273.45
273.263
273.142
273.074
273.039
273.023
273.021
273.034
273.076
273.181
273.441
274.072
275.598
279.253
273.646
273.665
273.45
273.263
273.142
273.074
273.039
273.023
273.02
273.033
273.073
273.176
273.431
274.057
275.579
279.24
273.646
273.665
273.45
273.263
273.142
273.074
273.039
273.022
273.02
273.031
273.069
273.167
273.412
274.022
275.528
279.2
273.646
273.665
273.45
273.263
273.142
273.074
273.038
273.022
273.018
273.028
273.062
273.151
273.377
273.947
275.392
279.052
273.646
273.665
273.45
273.263
273.142
273.074
273.038
273.021
273.017
273.025
273.053
273.127
273.316
273.797
275.049
278.467
273.646
273.665
273.45
273.262
273.142
273.074
273.039
273.023
273.022
273.037
273.081
273.191
273.458
274.098
275.629
279.272
273.646
273.665
273.45
273.262
273.142
273.074
273.039
273.023
273.022
273.036
273.08
273.19
273.457
274.097
275.628
279.271
273.646
273.665
273.45
273.262
273.142
273.074
273.039
273.023
273.022
273.036
273.08
273.189
273.455
274.094
275.625
279.27
273.646
273.665
273.45
273.263
273.142
273.074
273.039
273.023
273.021
273.035
273.078
273.186
273.45
274.088
275.618
279.265
273.646
273.665
273.45
273.263
273.142
273.074
273.039
273.023
273.021
273.034
273.076
273.181
273.441
274.072
275.598
279.253
273.646
273.665
273.45
273.263
273.142
273.074
273.039
273.023
273.02
273.032
273.071
273.172
273.421
274.037
275.546
279.212
273.646
273.665
273.45
273.263
273.142
273.074
273.038
273.022
273.019
273.029
273.064
273.156
273.385
273.96
275.41
279.064
273.646
273.665
273.45
273.263
273.142
273.074
273.038
273.022
273.017
273.026
273.055
273.131
273.323
273.809
275.065
278.479
273.646
273.665
273.45
273.262
273.142
273.074
273.039
273.024
273.022
273.037
273.082
273.193
273.462
274.105
275.637
279.276
273.646
273.665
273.45
273.262
273.142
273.074
273.039
273.024
273.022
273.037
273.082
273.193
273.461
274.104
275.636
279.275
273.646
273.665
273.45
273.262
273.142
273.074
273.039
273.024
273.022
273.037
273.081
273.192
273.459
274.101
275.633
279.274
273.646
273.665
273.45
273.262
273.142
273.074
273.039
273.023
273.022
273.036
273.08
273.189
273.455
274.094
275.625
279.27
273.646
273.665
273.45
273.263
273.142
273.074
273.039
273.023
273.021
273.035
273.077
273.184
273.445
274.079
275.605
279.257
273.646
273.665
273.45
273.263
273.142
273.074
273.039
273.023
273.02
273.033
273.072
273.174
273.425
274.043
275.553
279.216
273.646
273.665
273.45
273.263
273.142
273.074
273.038
273.022
273.019
273.03
273.066
273.158
273.389
273.966
275.416
279.068
273.646
273.665
273.45
273.263
273.142
273.074
273.038
273.022
273.018
273.026
273.056
273.133
273.327
273.814
275.072
278.483
273.646
273.665
273.45
273.262
273.142
273.074
273.039
273.024
273.023
273.038
273.083
273.195
273.464
274.108
275.64
279.278
273.646
273.665
273.45
273.262
273.142
273.074
273.039
273.024
273.022
273.038
273.082
273.194
273.464
274.107
275.639
279.277
273.646
273.665
273.45
273.262
273.142
273.074
273.039
273.024
273.022
273.037
273.082
273.193
273.461
274.104
275.636
279.275
273.646
273.665
273.45
273.262
273.142
273.074
273.039
273.023
273.022
273.036
273.08
273.19
273.457
274.097
275.628
279.271
273.646
273.665
273.45
273.263
273.142
273.074
273.039
273.023
273.021
273.035
273.078
273.185
273.447
274.081
275.608
279.258
273.646
273.665
273.45
273.263
273.142
273.074
273.039
273.023
273.021
273.033
273.073
273.175
273.427
274.046
275.556
279.217
273.646
273.665
273.45
273.263
273.142
273.074
273.039
273.022
273.019
273.03
273.066
273.159
273.39
273.968
275.419
279.069
273.646
273.665
273.45
273.263
273.142
273.074
273.038
273.022
273.018
273.026
273.056
273.134
273.328
273.816
275.074
278.485
273.646
273.665
273.45
273.262
273.142
273.074
273.039
273.024
273.023
273.038
273.083
273.195
273.465
274.109
275.641
279.278
273.646
273.665
273.45
273.262
273.142
273.074
273.039
273.024
273.023
273.038
273.083
273.195
273.464
274.108
275.64
279.278
273.646
273.665
273.45
273.262
273.142
273.074
273.039
273.024
273.022
273.037
273.082
273.193
273.462
274.105
275.637
279.276
273.646
273.665
273.45
273.262
273.142
273.074
273.039
273.023
273.022
273.037
273.081
273.191
273.458
274.098
275.629
279.272
273.646
273.665
273.45
273.263
273.142
273.074
273.039
273.023
273.021
273.035
273.078
273.185
273.448
274.082
275.609
279.259
273.646
273.665
273.45
273.263
273.142
273.074
273.039
273.023
273.021
273.033
273.073
273.176
273.428
274.047
275.557
279.218
273.646
273.665
273.45
273.263
273.142
273.074
273.039
273.022
273.019
273.03
273.066
273.159
273.391
273.969
275.42
279.07
273.646
273.665
273.45
273.263
273.142
273.074
273.038
273.022
273.018
273.026
273.056
273.134
273.329
273.817
275.075
278.485
273.646
273.665
273.45
273.262
273.142
273.073
273.037
273.018
273.009
273.005
273.004
273.005
273.007
273.01
273.014
273.019
273.646
273.665
273.45
273.262
273.142
273.073
273.037
273.018
273.009
273.005
273.004
273.004
273.006
273.01
273.014
273.019
273.646
273.665
273.45
273.262
273.142
273.074
273.037
273.018
273.009
273.005
273.004
273.004
273.006
273.01
273.014
273.019
273.646
273.665
273.45
273.262
273.142
273.074
273.037
273.018
273.009
273.005
273.004
273.004
273.006
273.009
273.014
273.019
273.646
273.665
273.45
273.262
273.142
273.074
273.037
273.018
273.009
273.005
273.004
273.004
273.006
273.009
273.013
273.018
273.646
273.665
273.45
273.262
273.142
273.074
273.037
273.018
273.009
273.005
273.004
273.004
273.006
273.008
273.012
273.017
273.646
273.665
273.45
273.263
273.142
273.074
273.037
273.018
273.009
273.005
273.003
273.004
273.005
273.007
273.011
273.015
273.646
273.665
273.45
273.263
273.142
273.074
273.037
273.018
273.009
273.005
273.003
273.003
273.004
273.006
273.009
273.013
273.646
273.665
273.45
273.262
273.142
273.074
273.037
273.018
273.009
273.006
273.005
273.006
273.01
273.015
273.023
273.032
273.646
273.665
273.45
273.263
273.142
273.074
273.037
273.018
273.009
273.006
273.005
273.006
273.009
273.015
273.023
273.032
273.646
273.665
273.45
273.263
273.142
273.074
273.037
273.018
273.009
273.006
273.005
273.006
273.009
273.015
273.023
273.032
273.646
273.665
273.45
273.263
273.142
273.074
273.037
273.018
273.009
273.006
273.005
273.006
273.009
273.015
273.022
273.031
273.646
273.665
273.45
273.263
273.142
273.074
273.037
273.018
273.009
273.005
273.004
273.006
273.009
273.014
273.021
273.03
273.646
273.665
273.45
273.263
273.142
273.074
273.037
273.018
273.009
273.005
273.004
273.005
273.008
273.013
273.02
273.028
273.646
273.665
273.45
273.263
273.142
273.074
273.037
273.018
273.009
273.005
273.004
273.005
273.007
273.012
273.018
273.025
273.646
273.665
273.45
273.263
273.142
273.074
273.037
273.018
273.009
273.005
273.004
273.004
273.006
273.01
273.015
273.021
273.646
273.665
273.45
273.262
273.142
273.074
273.037
273.019
273.01
273.006
273.007
273.01
273.017
273.029
273.046
273.066
273.646
273.665
273.45
273.263
273.142
273.074
273.037
273.019
273.01
273.006
273.007
273.01
273.017
273.028
273.046
273.066
273.646
273.665
273.45
273.263
273.142
273.074
273.037
273.019
273.01
273.006
273.006
273.01
273.017
273.028
273.045
273.066
273.646
273.665
273.45
273.263
273.142
273.074
273.037
273.019
273.01
273.006
273.006
273.009
273.016
273.028
273.044
273.065
273.646
273.665
273.45
273.263
273.142
273.074
273.037
273.019
273.01
273.006
273.006
273.009
273.015
273.027
273.043
273.062
273.646
273.665
273.45
273.263
273.142
273.074
273.037
273.018
273.01
273.006
273.006
273.008
273.014
273.025
273.04
273.059
273.646
273.665
273.45
273.263
273.142
273.074
273.037
273.018
273.01
273.006
273.005
273.008
273.013
273.022
273.036
273.053
273.646
273.665
273.45
273.263
273.142
273.074
273.037
273.018
273.009
273.006
273.005
273.007
273.011
273.019
273.03
273.044
273.646
273.665
273.45
273.262
273.142
273.074
273.037
273.019
273.01
273.008
273.01
273.017
273.031
273.056
273.095
273.144
273.646
273.665
273.45
273.263
273.142
273.074
273.037
273.019
273.01
273.008
273.01
273.017
273.031
273.056
273.094
273.144
273.646
273.665
273.45
273.263
273.142
273.074
273.037
273.019
273.01
273.008
273.01
273.016
273.03
273.055
273.094
273.143
273.646
273.665
273.45
273.263
273.142
273.074
273.037
273.019
273.01
273.008
273.009
273.016
273.03
273.054
273.092
273.141
273.646
273.665
273.45
273.263
273.142
273.074
273.037
273.019
273.01
273.008
273.009
273.015
273.029
273.052
273.089
273.137
273.646
273.665
273.45
273.263
273.142
273.074
273.037
273.019
273.01
273.007
273.009
273.014
273.027
273.049
273.084
273.13
273.646
273.665
273.45
273.263
273.142
273.074
273.037
273.019
273.01
273.007
273.008
273.013
273.024
273.044
273.076
273.117
273.646
273.665
273.45
273.263
273.142
273.074
273.037
273.019
273.01
273.007
273.007
273.011
273.02
273.037
273.064
273.098
273.646
273.665
273.45
273.262
273.142
273.074
273.037
273.019
273.011
273.01
273.015
273.028
273.056
273.108
273.195
273.316
273.646
273.665
273.45
273.263
273.142
273.074
273.037
273.019
273.011
273.01
273.015
273.028
273.056
273.108
273.195
273.315
273.646
273.665
273.45
273.263
273.142
273.074
273.037
273.019
273.011
273.01
273.015
273.028
273.055
273.107
273.193
273.314
273.646
273.665
273.45
273.263
273.142
273.074
273.037
273.019
273.011
273.01
273.014
273.027
273.054
273.106
273.191
273.31
273.646
273.665
273.45
273.263
273.142
273.074
273.037
273.019
273.011
273.01
273.014
273.026
273.053
273.102
273.186
273.304
273.646
273.665
273.45
273.263
273.142
273.074
273.037
273.019
273.011
273.009
273.013
273.025
273.049
273.097
273.177
273.29
273.646
273.665
273.45
273.263
273.142
273.074
273.037
273.019
273.011
273.009
273.012
273.022
273.044
273.087
273.16
273.264
273.646
273.665
273.45
273.263
273.142
273.074
273.037
273.019
273.01
273.008
273.01
273.019
273.037
273.073
273.133
273.22
273.646
273.665
273.45
273.262
273.142
273.074
273.038
273.02
273.013
273.013
273.023
273.046
273.098
273.202
273.392
273.685
273.646
273.665
273.45
273.263
273.142
273.074
273.038
273.02
273.013
273.013
273.022
273.046
273.098
273.202
273.391
273.684
273.646
273.665
273.45
273.263
273.142
273.074
273.038
273.02
273.013
273.013
273.022
273.046
273.097
273.2
273.389
273.682
273.646
273.665
273.45
273.263
273.142
273.074
273.038
273.02
273.012
273.013
273.022
273.045
273.096
273.198
273.386
273.678
273.646
273.665
273.45
273.263
273.142
273.074
273.037
273.02
273.012
273.012
273.021
273.043
273.093
273.193
273.378
273.667
273.646
273.665
273.45
273.263
273.142
273.074
273.037
273.019
273.012
273.012
273.02
273.041
273.087
273.183
273.361
273.643
273.646
273.665
273.45
273.263
273.142
273.074
273.037
273.019
273.012
273.011
273.018
273.037
273.079
273.165
273.329
273.592
273.646
273.665
273.45
273.263
273.142
273.074
273.037
273.019
273.011
273.01
273.015
273.031
273.066
273.138
273.274
273.493
273.646
273.665
273.45
273.262
273.142
273.074
273.038
273.02
273.014
273.017
273.033
273.072
273.161
273.356
273.753
274.462
273.646
273.665
273.45
273.263
273.142
273.074
273.038
273.02
273.014
273.017
273.032
273.071
273.161
273.356
273.753
274.461
273.646
273.665
273.45
273.263
273.142
273.074
273.038
273.02
273.014
273.017
273.032
273.071
273.16
273.354
273.75
274.458
273.646
273.665
273.45
273.263
273.142
273.074
273.038
273.02
273.014
273.017
273.032
273.07
273.158
273.35
273.745
274.452
273.646
273.665
273.45
273.263
273.142
273.074
273.038
273.02
273.014
273.016
273.03
273.067
273.153
273.343
273.734
274.438
273.646
273.665
273.45
273.263
273.142
273.074
273.038
273.02
273.013
273.015
273.029
273.063
273.145
273.328
273.708
274.401
273.646
273.665
273.45
273.263
273.142
273.074
273.038
273.02
273.013
273.014
273.026
273.057
273.131
273.298
273.651
274.309
273.646
273.665
273.45
273.263
273.142
273.074
273.037
273.02
273.012
273.013
273.022
273.048
273.11
273.248
273.543
274.101
273.646
273.665
273.45
273.262
273.142
273.074
273.038
273.021
273.016
273.022
273.045
273.103
273.243
273.576
274.342
275.993
273.646
273.665
273.45
273.263
273.142
273.074
273.038
273.021
273.016
273.022
273.044
273.103
273.243
273.575
274.341
275.992
273.646
273.665
273.45
273.263
273.142
273.074
273.038
273.021
273.016
273.022
273.044
273.102
273.242
273.573
274.339
275.99
273.646
273.665
273.45
273.263
273.142
273.074
273.038
273.021
273.016
273.021
273.043
273.1
273.239
273.569
274.333
275.984
273.646
273.665
273.45
273.263
273.142
273.074
273.038
273.021
273.015
273.021
273.042
273.097
273.233
273.559
274.318
275.968
273.646
273.665
273.45
273.263
273.142
273.074
273.038
273.021
273.015
273.019
273.039
273.092
273.222
273.537
274.282
275.922
273.646
273.665
273.45
273.263
273.142
273.074
273.038
273.02
273.014
273.018
273.035
273.083
273.201
273.492
274.196
275.789
273.646
273.665
273.45
273.263
273.142
273.074
273.038
273.02
273.013
273.016
273.03
273.07
273.168
273.411
274.004
275.399
273.646
273.665
273.45
273.263
273.142
273.074
273.038
273.02
273.013
273.016
273.03
273.07
273.168
273.411
274.004
275.399
273.646
273.665
273.45
273.263
273.142
273.074
273.037
273.02
273.012
273.013
273.022
273.048
273.11
273.248
273.543
274.101
273.646
273.665
273.45
273.263
273.142
273.074
273.037
273.019
273.011
273.01
273.015
273.031
273.066
273.138
273.274
273.493
273.646
273.665
273.45
273.263
273.142
273.074
273.037
273.019
273.01
273.008
273.01
273.019
273.037
273.073
273.133
273.22
273.646
273.665
273.45
273.263
273.142
273.074
273.037
273.019
273.01
273.007
273.007
273.011
273.02
273.037
273.064
273.098
273.646
273.665
273.45
273.263
273.142
273.074
273.037
273.018
273.009
273.006
273.005
273.007
273.011
273.019
273.03
273.044
273.646
273.665
273.45
273.263
273.142
273.074
273.037
273.018
273.009
273.005
273.004
273.004
273.006
273.01
273.015
273.021
273.646
273.665
273.45
273.263
273.142
273.074
273.037
273.018
273.009
273.005
273.003
273.003
273.004
273.006
273.009
273.013
273.646
273.665
273.45
273.263
273.142
273.074
273.038
273.02
273.014
273.018
273.035
273.083
273.201
273.492
274.196
275.789
273.646
273.665
273.45
273.263
273.142
273.074
273.038
273.02
273.013
273.014
273.026
273.057
273.131
273.298
273.651
274.309
273.646
273.665
273.45
273.263
273.142
273.074
273.037
273.019
273.012
273.011
273.018
273.037
273.079
273.165
273.329
273.591
273.646
273.665
273.45
273.263
273.142
273.074
273.037
273.019
273.011
273.009
273.012
273.022
273.044
273.087
273.16
273.264
273.646
273.665
273.45
273.263
273.142
273.074
273.037
273.019
273.01
273.007
273.008
273.013
273.024
273.044
273.076
273.117
273.646
273.665
273.45
273.263
273.142
273.074
273.037
273.018
273.01
273.006
273.005
273.008
273.013
273.022
273.036
273.053
273.646
273.665
273.45
273.263
273.142
273.074
273.037
273.018
273.009
273.005
273.004
273.005
273.007
273.012
273.018
273.025
273.646
273.665
273.45
273.263
273.142
273.074
273.037
273.018
273.009
273.005
273.003
273.004
273.005
273.007
273.011
273.015
273.646
273.665
273.45
273.263
273.142
273.074
273.038
273.021
273.015
273.019
273.039
273.092
273.222
273.537
274.282
275.922
273.646
273.665
273.45
273.263
273.142
273.074
273.038
273.02
273.013
273.015
273.029
273.063
273.145
273.328
273.708
274.401
273.646
273.665
273.45
273.263
273.142
273.074
273.037
273.019
273.012
273.012
273.02
273.041
273.087
273.183
273.361
273.643
273.646
273.665
273.45
273.263
273.142
273.074
273.037
273.019
273.011
273.009
273.013
273.025
273.049
273.097
273.177
273.29
273.646
273.665
273.45
273.263
273.142
273.074
273.037
273.019
273.01
273.007
273.009
273.014
273.027
273.049
273.084
273.13
273.646
273.665
273.45
273.263
273.142
273.074
273.037
273.018
273.01
273.006
273.006
273.008
273.014
273.025
273.04
273.059
273.646
273.665
273.45
273.263
273.142
273.074
273.037
273.018
273.009
273.005
273.004
273.005
273.008
273.013
273.02
273.028
273.646
273.665
273.45
273.262
273.142
273.074
273.037
273.018
273.009
273.005
273.004
273.004
273.006
273.008
273.012
273.017
273.646
273.665
273.45
273.263
273.142
273.074
273.038
273.021
273.015
273.02
273.042
273.097
273.233
273.559
274.318
275.968
273.646
273.665
273.45
273.263
273.142
273.074
273.038
273.02
273.014
273.016
273.03
273.067
273.153
273.343
273.734
274.438
273.646
273.665
273.45
273.263
273.142
273.074
273.037
273.02
273.012
273.012
273.021
273.043
273.093
273.193
273.378
273.667
273.646
273.665
273.45
273.263
273.142
273.074
273.037
273.019
273.011
273.01
273.014
273.026
273.053
273.102
273.186
273.304
273.646
273.665
273.45
273.263
273.142
273.074
273.037
273.019
273.01
273.008
273.009
273.015
273.029
273.052
273.089
273.137
273.646
273.665
273.45
273.263
273.142
273.074
273.037
273.019
273.01
273.006
273.006
273.009
273.015
273.027
273.043
273.062
273.646
273.665
273.45
273.263
273.142
273.074
273.037
273.018
273.009
273.005
273.004
273.006
273.009
273.014
273.021
273.03
273.646
273.665
273.45
273.262
273.142
273.074
273.037
273.018
273.009
273.005
273.004
273.004
273.006
273.009
273.013
273.018
273.646
273.665
273.45
273.263
273.142
273.074
273.038
273.021
273.016
273.021
273.043
273.1
273.239
273.569
274.333
275.984
273.646
273.665
273.45
273.263
273.142
273.074
273.038
273.02
273.014
273.017
273.032
273.07
273.158
273.35
273.745
274.452
273.646
273.665
273.45
273.263
273.142
273.074
273.037
273.02
273.012
273.013
273.022
273.045
273.096
273.198
273.386
273.678
273.646
273.665
273.45
273.263
273.142
273.074
273.037
273.019
273.011
273.01
273.014
273.027
273.054
273.106
273.191
273.31
273.646
273.665
273.45
273.263
273.142
273.074
273.037
273.019
273.01
273.008
273.009
273.016
273.03
273.054
273.092
273.141
273.646
273.665
273.45
273.263
273.142
273.074
273.037
273.019
273.01
273.006
273.006
273.009
273.016
273.028
273.044
273.065
273.646
273.665
273.45
273.263
273.142
273.074
273.037
273.018
273.009
273.006
273.005
273.006
273.009
273.015
273.022
273.031
273.646
273.665
273.45
273.262
273.142
273.074
273.037
273.018
273.009
273.005
273.004
273.004
273.006
273.009
273.014
273.019
273.646
273.665
273.45
273.263
273.142
273.074
273.038
273.021
273.016
273.022
273.044
273.102
273.242
273.573
274.339
275.99
273.646
273.665
273.45
273.263
273.142
273.074
273.038
273.02
273.014
273.017
273.032
273.071
273.16
273.354
273.75
274.458
273.646
273.665
273.45
273.263
273.142
273.074
273.038
273.02
273.013
273.013
273.022
273.046
273.097
273.2
273.389
273.682
273.646
273.665
273.45
273.263
273.142
273.074
273.037
273.019
273.011
273.01
273.015
273.028
273.055
273.107
273.193
273.314
273.646
273.665
273.45
273.263
273.142
273.074
273.037
273.019
273.01
273.008
273.01
273.016
273.03
273.055
273.094
273.143
273.646
273.665
273.45
273.263
273.142
273.074
273.037
273.019
273.01
273.006
273.006
273.01
273.017
273.028
273.045
273.066
273.646
273.665
273.45
273.263
273.142
273.074
273.037
273.018
273.009
273.006
273.005
273.006
273.009
273.015
273.023
273.032
273.646
273.665
273.45
273.262
273.142
273.074
273.037
273.018
273.009
273.005
273.004
273.004
273.006
273.01
273.014
273.019
273.646
273.665
273.45
273.263
273.142
273.074
273.038
273.021
273.016
273.022
273.044
273.102
273.243
273.575
274.341
275.992
273.646
273.665
273.45
273.263
273.142
273.074
273.038
273.02
273.014
273.017
273.032
273.071
273.161
273.356
273.753
274.461
273.646
273.665
273.45
273.263
273.142
273.074
273.038
273.02
273.013
273.013
273.022
273.046
273.098
273.202
273.391
273.684
273.646
273.665
273.45
273.263
273.142
273.074
273.037
273.019
273.011
273.01
273.015
273.028
273.056
273.108
273.195
273.315
273.646
273.665
273.45
273.263
273.142
273.074
273.037
273.019
273.01
273.008
273.01
273.017
273.031
273.056
273.094
273.144
273.646
273.665
273.45
273.263
273.142
273.074
273.037
273.019
273.01
273.006
273.007
273.01
273.017
273.028
273.046
273.066
273.646
273.665
273.45
273.263
273.142
273.074
273.037
273.018
273.009
273.006
273.005
273.006
273.009
273.015
273.023
273.032
273.646
273.665
273.45
273.262
273.142
273.074
273.037
273.018
273.009
273.005
273.004
273.004
273.006
273.01
273.014
273.019
273.646
273.665
273.45
273.263
273.142
273.074
273.038
273.021
273.016
273.022
273.045
273.103
273.243
273.576
274.342
275.993
273.646
273.665
273.45
273.263
273.142
273.074
273.038
273.02
273.014
273.017
273.033
273.072
273.161
273.356
273.753
274.462
273.646
273.665
273.45
273.263
273.142
273.074
273.038
273.02
273.013
273.013
273.022
273.046
273.098
273.202
273.392
273.685
273.646
273.665
273.45
273.263
273.142
273.074
273.037
273.019
273.011
273.01
273.015
273.028
273.056
273.108
273.195
273.315
273.646
273.665
273.45
273.263
273.142
273.074
273.037
273.019
273.01
273.008
273.01
273.017
273.031
273.056
273.095
273.144
273.646
273.665
273.45
273.263
273.142
273.074
273.037
273.019
273.01
273.006
273.007
273.01
273.017
273.029
273.046
273.066
273.646
273.665
273.45
273.263
273.142
273.074
273.037
273.018
273.009
273.006
273.005
273.006
273.01
273.015
273.023
273.032
273.646
273.665
273.45
273.262
273.142
273.074
273.037
273.018
273.009
273.005
273.004
273.005
273.007
273.01
273.014
273.019
273.646
273.665
273.45
273.263
273.142
273.074
273.037
273.018
273.009
273.005
273.003
273.003
273.004
273.005
273.007
273.01
273.646
273.665
273.45
273.263
273.142
273.074
273.037
273.018
273.009
273.005
273.003
273.002
273.003
273.004
273.006
273.008
273.646
273.665
273.45
273.263
273.142
273.074
273.037
273.018
273.009
273.004
273.003
273.002
273.002
273.003
273.004
273.005
273.646
273.665
273.45
273.263
273.142
273.073
273.037
273.018
273.009
273.004
273.002
273.002
273.002
273.002
273.003
273.004
273.646
273.665
273.45
273.263
273.142
273.073
273.037
273.018
273.009
273.004
273.002
273.001
273.001
273.001
273.002
273.002
273.646
273.665
273.45
273.263
273.142
273.073
273.037
273.018
273.009
273.004
273.002
273.001
273.001
273.001
273.001
273.001
273.646
273.665
273.45
273.263
273.142
273.073
273.037
273.018
273.009
273.004
273.002
273.001
273.001
273.001
273.001
273.001
273.646
273.665
273.45
273.262
273.142
273.073
273.037
273.018
273.009
273.004
273.002
273.001
273.001
273.001
273.001
273.001
273.646
273.665
273.45
273.263
273.142
273.074
273.037
273.018
273.009
273.005
273.003
273.004
273.005
273.008
273.012
273.017
273.646
273.665
273.45
273.263
273.142
273.074
273.037
273.018
273.009
273.005
273.003
273.003
273.004
273.006
273.009
273.012
273.646
273.665
273.45
273.263
273.142
273.074
273.037
273.018
273.009
273.005
273.003
273.002
273.003
273.004
273.006
273.008
273.646
273.665
273.45
273.263
273.142
273.074
273.037
273.018
273.009
273.004
273.003
273.002
273.002
273.003
273.004
273.005
273.646
273.665
273.45
273.263
273.142
273.074
273.037
273.018
273.009
273.004
273.002
273.002
273.002
273.002
273.003
273.003
273.646
273.665
273.45
273.263
273.142
273.074
273.037
273.018
273.009
273.004
273.002
273.001
273.001
273.001
273.002
273.002
273.646
273.665
273.45
273.263
273.142
273.074
273.037
273.018
273.009
273.004
273.002
273.001
273.001
273.001
273.001
273.001
273.646
273.665
273.45
273.263
273.142
273.073
273.037
273.018
273.009
273.004
273.002
273.001
273.001
273.001
273.001
273.001
273.646
273.665
273.45
273.263
273.142
273.074
273.037
273.018
273.009
273.005
273.004
273.006
273.009
273.015
273.024
273.034
273.646
273.665
273.45
273.263
273.142
273.074
273.037
273.018
273.009
273.005
273.004
273.004
273.007
273.011
273.017
273.024
273.646
273.665
273.45
273.263
273.142
273.074
273.037
273.018
273.009
273.005
273.003
273.003
273.005
273.007
273.011
273.016
273.646
273.665
273.45
273.263
273.142
273.074
273.037
273.018
273.009
273.005
273.003
273.003
273.003
273.005
273.007
273.01
273.646
273.665
273.45
273.263
273.142
273.074
273.037
273.018
273.009
273.004
273.003
273.002
273.002
273.003
273.004
273.006
273.646
273.665
273.45
273.263
273.142
273.074
273.037
273.018
273.009
273.004
273.002
273.002
273.002
273.002
273.003
273.003
273.646
273.665
273.45
273.263
273.142
273.074
273.037
273.018
273.009
273.004
273.002
273.001
273.001
273.001
273.002
273.002
273.646
273.665
273.45
273.263
273.142
273.073
273.037
273.018
273.009
273.004
273.002
273.001
273.001
273.001
273.001
273.001
273.646
273.665
273.45
273.263
273.142
273.074
273.037
273.018
273.01
273.006
273.006
273.009
273.016
273.029
273.048
273.074
273.646
273.665
273.45
273.263
273.142
273.074
273.037
273.018
273.009
273.006
273.005
273.007
273.012
273.021
273.034
273.05
273.646
273.665
273.45
273.263
273.142
273.074
273.037
273.018
273.009
273.005
273.004
273.005
273.008
273.014
273.022
273.032
273.646
273.665
273.45
273.263
273.142
273.074
273.037
273.018
273.009
273.005
273.003
273.004
273.005
273.009
273.013
273.019
273.646
273.665
273.45
273.263
273.142
273.074
273.037
273.018
273.009
273.005
273.003
273.003
273.003
273.005
273.008
273.01
273.646
273.665
273.45
273.263
273.142
273.074
273.037
273.018
273.009
273.004
273.003
273.002
273.002
273.003
273.004
273.006
273.646
273.665
273.45
273.263
273.142
273.074
273.037
273.018
273.009
273.004
273.002
273.002
273.002
273.002
273.003
273.003
273.646
273.665
273.45
273.263
273.142
273.073
273.037
273.018
273.009
273.004
273.002
273.001
273.001
273.001
273.002
273.002
273.646
273.665
273.45
273.263
273.142
273.074
273.037
273.019
273.01
273.007
273.009
273.015
273.029
273.055
273.099
273.16
273.646
273.665
273.45
273.263
273.142
273.074
273.037
273.019
273.01
273.006
273.007
273.011
273.021
273.038
273.066
273.104
273.646
273.665
273.45
273.263
273.142
273.074
273.037
273.018
273.01
273.006
273.005
273.008
273.014
273.025
273.041
273.062
273.646
273.665
273.45
273.263
273.142
273.074
273.037
273.018
273.009
273.005
273.004
273.005
273.009
273.015
273.024
273.035
273.646
273.665
273.45
273.263
273.142
273.074
273.037
273.018
273.009
273.005
273.003
273.004
273.005
273.009
273.013
273.019
273.646
273.665
273.45
273.263
273.142
273.074
273.037
273.018
273.009
273.005
273.003
273.003
273.003
273.005
273.007
273.01
273.646
273.665
273.45
273.263
273.142
273.074
273.037
273.018
273.009
273.004
273.003
273.002
273.002
273.003
273.004
273.005
273.646
273.665
273.45
273.263
273.142
273.074
273.037
273.018
273.009
273.004
273.002
273.002
273.002
273.002
273.003
273.004
273.646
273.665
273.45
273.263
273.142
273.074
273.037
273.019
273.011
273.009
273.013
273.024
273.05
273.103
273.198
273.344
273.646
273.665
273.45
273.263
273.142
273.074
273.037
273.019
273.01
273.008
273.01
273.018
273.035
273.069
273.127
273.21
273.646
273.665
273.45
273.263
273.142
273.074
273.037
273.019
273.01
273.007
273.007
273.012
273.023
273.042
273.074
273.117
273.646
273.665
273.45
273.263
273.142
273.074
273.037
273.018
273.01
273.006
273.005
273.008
273.014
273.025
273.041
273.062
273.646
273.665
273.45
273.263
273.142
273.074
273.037
273.018
273.009
273.005
273.004
273.005
273.008
273.014
273.022
273.032
273.646
273.665
273.45
273.263
273.142
273.074
273.037
273.018
273.009
273.005
273.003
273.003
273.005
273.007
273.011
273.016
273.646
273.665
273.45
273.263
273.142
273.074
273.037
273.018
273.009
273.005
273.003
273.002
273.003
273.004
273.006
273.008
273.646
273.665
273.45
273.263
273.142
273.074
273.037
273.018
273.009
273.004
273.003
273.002
273.002
273.003
273.004
273.005
273.646
273.665
273.45
273.263
273.142
273.074
273.037
273.019
273.012
273.011
273.018
273.037
273.082
273.18
273.377
273.718
273.646
273.665
273.45
273.263
273.142
273.074
273.037
273.019
273.011
273.009
273.013
273.026
273.056
273.116
273.228
273.405
273.646
273.665
273.45
273.263
273.142
273.074
273.037
273.019
273.01
273.008
273.01
273.018
273.035
273.069
273.127
273.21
273.646
273.665
273.45
273.263
273.142
273.074
273.037
273.019
273.01
273.006
273.007
273.011
273.021
273.038
273.066
273.104
273.646
273.665
273.45
273.263
273.142
273.074
273.037
273.018
273.009
273.006
273.005
273.007
273.012
273.021
273.034
273.05
273.646
273.665
273.45
273.263
273.142
273.074
273.037
273.018
273.009
273.005
273.004
273.004
273.007
273.011
273.017
273.024
273.646
273.665
273.45
273.263
273.142
273.074
273.037
273.018
273.009
273.005
273.003
273.003
273.004
273.006
273.009
273.012
273.646
273.665
273.45
273.263
273.142
273.074
273.037
273.018
273.009
273.005
273.003
273.002
273.003
273.004
273.006
273.008
273.646
273.665
273.45
273.263
273.142
273.074
273.037
273.02
273.013
273.013
273.024
273.053
273.124
273.29
273.661
274.411
273.646
273.665
273.45
273.263
273.142
273.074
273.037
273.019
273.012
273.011
273.018
273.037
273.082
273.18
273.377
273.718
273.646
273.665
273.45
273.263
273.142
273.074
273.037
273.019
273.011
273.009
273.013
273.024
273.05
273.103
273.198
273.344
273.646
273.665
273.45
273.263
273.142
273.074
273.037
273.019
273.01
273.007
273.009
273.015
273.029
273.055
273.099
273.16
273.646
273.665
273.45
273.263
273.142
273.074
273.037
273.018
273.01
273.006
273.006
273.009
273.016
273.029
273.048
273.074
273.646
273.665
273.45
273.263
273.142
273.074
273.037
273.018
273.009
273.005
273.004
273.006
273.009
273.015
273.024
273.034
273.646
273.665
273.45
273.263
273.142
273.074
273.037
273.018
273.009
273.005
273.003
273.004
273.005
273.008
273.012
273.017
273.646
273.665
273.45
273.263
273.142
273.074
273.037
273.018
273.009
273.005
273.003
273.003
273.004
273.005
273.008
273.01
273.023
273.026
273.026
273.024
273.023
273.026
273.026
273.024
273.023
273.025
273.025
273.023
273.022
273.025
273.025
273.023
273.022
273.024
273.024
273.022
273.02
273.022
273.022
273.021
273.018
273.02
273.02
273.018
273.015
273.017
273.017
273.016
273.04
273.044
273.044
273.041
273.04
273.044
273.044
273.04
273.039
273.043
273.044
273.04
273.038
273.043
273.043
273.039
273.037
273.041
273.041
273.038
273.035
273.039
273.039
273.035
273.031
273.035
273.035
273.032
273.026
273.029
273.029
273.027
273.084
273.094
273.095
273.086
273.084
273.094
273.094
273.085
273.083
273.093
273.094
273.085
273.082
273.092
273.092
273.083
273.079
273.089
273.09
273.081
273.075
273.084
273.085
273.076
273.068
273.076
273.076
273.069
273.057
273.064
273.064
273.058
273.189
273.213
273.214
273.191
273.188
273.213
273.214
273.191
273.187
273.212
273.213
273.19
273.185
273.209
273.21
273.188
273.18
273.204
273.205
273.183
273.171
273.194
273.195
273.174
273.155
273.176
273.177
273.158
273.13
273.148
273.148
273.132
273.43
273.49
273.492
273.435
273.429
273.49
273.491
273.434
273.428
273.488
273.49
273.433
273.424
273.484
273.486
273.429
273.416
273.476
273.478
273.421
273.399
273.457
273.459
273.404
273.365
273.419
273.421
273.37
273.305
273.35
273.352
273.309
273.99
274.134
274.137
273.998
273.989
274.134
274.137
273.997
273.987
274.131
274.135
273.995
273.982
274.126
274.13
273.99
273.97
274.113
274.117
273.978
273.94
274.082
274.085
273.949
273.874
274.007
274.01
273.882
273.733
273.847
273.85
273.741
275.315
275.633
275.638
275.328
275.314
275.632
275.637
275.327
275.312
275.63
275.635
275.326
275.306
275.625
275.63
275.32
275.292
275.61
275.615
275.306
275.251
275.567
275.572
275.266
275.139
275.444
275.449
275.153
274.834
275.101
275.106
274.847
278.588
279.098
279.104
278.607
278.587
279.098
279.104
278.607
278.586
279.097
279.103
278.606
278.583
279.094
279.101
278.603
278.574
279.086
279.092
278.594
278.543
279.055
279.061
278.562
278.426
278.934
278.939
278.445
277.928
278.399
278.404
277.944
273.012
273.013
273.013
273.012
273.009
273.01
273.01
273.009
273.006
273.007
273.007
273.006
273.004
273.005
273.005
273.004
273.003
273.003
273.003
273.003
273.002
273.002
273.002
273.002
273.001
273.001
273.001
273.001
273.001
273.001
273.001
273.001
273.021
273.023
273.023
273.021
273.015
273.016
273.017
273.015
273.01
273.011
273.011
273.01
273.006
273.007
273.007
273.007
273.004
273.004
273.004
273.004
273.002
273.003
273.003
273.002
273.001
273.002
273.002
273.001
273.001
273.001
273.001
273.001
273.043
273.049
273.049
273.044
273.03
273.034
273.034
273.031
273.02
273.022
273.022
273.02
273.012
273.013
273.013
273.012
273.007
273.008
273.008
273.007
273.004
273.004
273.004
273.004
273.002
273.003
273.003
273.002
273.002
273.002
273.002
273.002
273.097
273.11
273.111
273.099
273.065
273.073
273.074
273.066
273.04
273.045
273.045
273.041
273.023
273.026
273.026
273.024
273.013
273.014
273.014
273.013
273.007
273.008
273.008
273.007
273.004
273.004
273.004
273.004
273.003
273.003
273.003
273.003
273.219
273.251
273.252
273.222
273.139
273.158
273.159
273.141
273.081
273.091
273.092
273.082
273.044
273.05
273.05
273.045
273.023
273.026
273.026
273.024
273.012
273.013
273.013
273.012
273.006
273.007
273.007
273.007
273.004
273.005
273.005
273.004
273.496
273.574
273.576
273.503
273.292
273.336
273.338
273.296
273.158
273.18
273.181
273.16
273.081
273.091
273.092
273.082
273.04
273.045
273.045
273.041
273.02
273.022
273.022
273.02
273.01
273.011
273.011
273.01
273.006
273.007
273.007
273.006
274.121
274.298
274.302
274.131
273.592
273.686
273.689
273.6
273.292
273.336
273.338
273.296
273.139
273.158
273.159
273.141
273.065
273.073
273.074
273.066
273.03
273.034
273.034
273.031
273.015
273.017
273.017
273.015
273.009
273.01
273.01
273.009
275.47
275.82
275.825
275.485
274.121
274.298
274.302
274.131
273.496
273.574
273.576
273.503
273.219
273.251
273.252
273.222
273.097
273.11
273.111
273.099
273.043
273.049
273.049
273.044
273.021
273.023
273.023
273.021
273.012
273.013
273.013
273.012
277.928
278.399
278.404
277.944
274.834
275.101
275.106
274.847
273.733
273.847
273.85
273.741
273.305
273.35
273.352
273.309
273.13
273.148
273.148
273.132
273.057
273.064
273.064
273.058
273.026
273.029
273.029
273.027
273.015
273.017
273.017
273.016
278.426
278.934
278.939
278.445
275.139
275.444
275.449
275.153
273.874
274.007
274.01
273.882
273.365
273.419
273.421
273.37
273.155
273.176
273.177
273.158
273.068
273.076
273.076
273.069
273.031
273.035
273.035
273.032
273.018
273.02
273.02
273.018
278.543
279.055
279.061
278.562
275.251
275.567
275.572
275.266
273.94
274.082
274.085
273.949
273.399
273.457
273.459
273.404
273.171
273.194
273.195
273.174
273.075
273.084
273.085
273.076
273.035
273.039
273.039
273.035
273.02
273.022
273.022
273.021
278.574
279.086
279.092
278.594
275.291
275.61
275.615
275.306
273.97
274.113
274.117
273.978
273.416
273.476
273.478
273.421
273.18
273.204
273.205
273.183
273.079
273.089
273.09
273.081
273.037
273.041
273.041
273.038
273.022
273.024
273.024
273.022
278.583
279.094
279.101
278.603
275.306
275.625
275.63
275.32
273.982
274.126
274.13
273.99
273.424
273.484
273.486
273.429
273.185
273.209
273.21
273.188
273.082
273.092
273.092
273.083
273.038
273.043
273.043
273.039
273.022
273.025
273.025
273.023
278.586
279.097
279.103
278.606
275.312
275.63
275.635
275.326
273.987
274.131
274.135
273.995
273.428
273.488
273.49
273.433
273.187
273.212
273.213
273.19
273.083
273.093
273.094
273.085
273.039
273.043
273.044
273.04
273.023
273.025
273.025
273.023
278.587
279.098
279.104
278.607
275.314
275.632
275.637
275.328
273.989
274.133
274.137
273.997
273.429
273.49
273.491
273.434
273.188
273.213
273.214
273.191
273.084
273.094
273.094
273.085
273.04
273.044
273.044
273.04
273.023
273.026
273.026
273.024
278.587
279.098
279.104
278.607
275.314
275.632
275.638
275.328
273.989
274.134
274.137
273.998
273.43
273.49
273.492
273.435
273.189
273.213
273.214
273.191
273.084
273.094
273.095
273.086
273.04
273.044
273.044
273.041
273.023
273.026
273.026
273.024
278.605
275.363
274.037
273.465
273.211
273.096
273.044
273.02
273.009
273.004
273.002
273.001
273
273
273
273
273
273
273
273
273
273
273
273
273
273
273
273
273
273
273
273
273
273
273
273
273
273
278.605
275.363
274.036
273.464
273.21
273.096
273.044
273.02
273.009
273.004
273.002
273.001
273
273
273
273
273
273
273
273
273
273
273
273
273
273
273
273
273
273
273
273
273
273
273
273
273
273
278.604
275.362
274.035
273.463
273.209
273.095
273.044
273.02
273.009
273.004
273.002
273.001
273
273
273
273
273
273
273
273
273
273
273
273
273
273
273
273
273
273
273
273
273
273
273
273
273
273
278.602
275.357
274.03
273.459
273.207
273.094
273.043
273.02
273.009
273.004
273.002
273.001
273
273
273
273
273
273
273
273
273
273
273
273
273
273
273
273
273
273
273
273
273
273
273
273
273
273
278.593
275.343
274.018
273.451
273.202
273.091
273.041
273.019
273.009
273.004
273.002
273.001
273
273
273
273
273
273
273
273
273
273
273
273
273
273
273
273
273
273
273
273
273
273
273
273
273
273
278.562
275.303
273.989
273.434
273.193
273.086
273.039
273.018
273.008
273.004
273.002
273.001
273
273
273
273
273
273
273
273
273
273
273
273
273
273
273
273
273
273
273
273
273
273
273
273
273
273
278.445
275.19
273.921
273.398
273.175
273.078
273.035
273.016
273.007
273.003
273.002
273.001
273
273
273
273
273
273
273
273
273
273
273
273
273
273
273
273
273
273
273
273
273
273
273
273
273
273
277.945
274.885
273.778
273.335
273.148
273.066
273.03
273.014
273.006
273.003
273.001
273.001
273
273
273
273
273
273
273
273
273
273
273
273
273
273
273
273
273
273
273
273
273
273
273
273
273
273
279.151
275.728
274.218
273.548
273.248
273.113
273.052
273.024
273.011
273.005
273.002
273.001
273
273
273
273
273
273
273
273
273
273
273
273
273
273
273
273
273
273
273
273
273
273
273
273
273
273
279.151
275.727
274.218
273.548
273.248
273.113
273.052
273.024
273.011
273.005
273.002
273.001
273
273
273
273
273
273
273
273
273
273
273
273
273
273
273
273
273
273
273
273
273
273
273
273
273
273
279.15
275.726
274.216
273.546
273.247
273.112
273.051
273.023
273.011
273.005
273.002
273.001
273
273
273
273
273
273
273
273
273
273
273
273
273
273
273
273
273
273
273
273
273
273
273
273
273
273
279.148
275.721
274.211
273.542
273.244
273.111
273.05
273.023
273.01
273.005
273.002
273.001
273
273
273
273
273
273
273
273
273
273
273
273
273
273
273
273
273
273
273
273
273
273
273
273
273
273
279.139
275.706
274.198
273.533
273.239
273.108
273.049
273.022
273.01
273.005
273.002
273.001
273
273
273
273
273
273
273
273
273
273
273
273
273
273
273
273
273
273
273
273
273
273
273
273
273
273
279.108
275.663
274.165
273.513
273.228
273.102
273.046
273.021
273.009
273.004
273.002
273.001
273
273
273
273
273
273
273
273
273
273
273
273
273
273
273
273
273
273
273
273
273
273
273
273
273
273
278.984
275.537
274.087
273.473
273.208
273.092
273.041
273.019
273.008
273.004
273.002
273.001
273
273
273
273
273
273
273
273
273
273
273
273
273
273
273
273
273
273
273
273
273
273
273
273
273
273
278.445
275.19
273.921
273.398
273.175
273.078
273.035
273.016
273.007
273.003
273.002
273.001
273
273
273
273
273
273
273
273
273
273
273
273
273
273
273
273
273
273
273
273
273
273
273
273
273
273
279.28
275.862
274.304
273.594
273.271
273.124
273.057
273.026
273.012
273.006
273.003
273.001
273.001
273
273
273
273
273
273
273
273
273
273
273
273
273
273
273
273
273
273
273
273
273
273
273
273
273
279.28
275.862
274.303
273.594
273.271
273.124
273.057
273.026
273.012
273.006
273.003
273.001
273.001
273
273
273
273
273
273
273
273
273
273
273
273
273
273
273
273
273
273
273
273
273
273
273
273
273
279.279
275.86
274.301
273.592
273.27
273.123
273.056
273.026
273.012
273.005
273.003
273.001
273.001
273
273
273
273
273
273
273
273
273
273
273
273
273
273
273
273
273
273
273
273
273
273
273
273
273
279.276
275.855
274.296
273.588
273.267
273.122
273.055
273.025
273.012
273.005
273.002
273.001
273.001
273
273
273
273
273
273
273
273
273
273
273
273
273
273
273
273
273
273
273
273
273
273
273
273
273
279.267
275.839
274.282
273.579
273.261
273.118
273.054
273.024
273.011
273.005
273.002
273.001
273
273
273
273
273
273
273
273
273
273
273
273
273
273
273
273
273
273
273
273
273
273
273
273
273
273
279.235
275.794
274.248
273.557
273.25
273.112
273.051
273.023
273.01
273.005
273.002
273.001
273
273
273
273
273
273
273
273
273
273
273
273
273
273
273
273
273
273
273
273
273
273
273
273
273
273
279.108
275.663
274.165
273.513
273.228
273.102
273.046
273.021
273.009
273.004
273.002
273.001
273
273
273
273
273
273
273
273
273
273
273
273
273
273
273
273
273
273
273
273
273
273
273
273
273
273
278.562
275.303
273.989
273.434
273.193
273.086
273.039
273.018
273.008
273.004
273.002
273.001
273
273
273
273
273
273
273
273
273
273
273
273
273
273
273
273
273
273
273
273
273
273
273
273
273
273
279.313
275.909
274.34
273.617
273.284
273.131
273.06
273.028
273.013
273.006
273.003
273.001
273.001
273
273
273
273
273
273
273
273
273
273
273
273
273
273
273
273
273
273
273
273
273
273
273
273
273
279.313
275.909
274.339
273.617
273.284
273.131
273.06
273.028
273.013
273.006
273.003
273.001
273.001
273
273
273
273
273
273
273
273
273
273
273
273
273
273
273
273
273
273
273
273
273
273
273
273
273
279.312
275.907
274.338
273.615
273.283
273.13
273.06
273.027
273.013
273.006
273.003
273.001
273.001
273
273
273
273
273
273
273
273
273
273
273
273
273
273
273
273
273
273
273
273
273
273
273
273
273
279.309
275.902
274.332
273.611
273.28
273.128
273.059
273.027
273.012
273.006
273.003
273.001
273.001
273
273
273
273
273
273
273
273
273
273
273
273
273
273
273
273
273
273
273
273
273
273
273
273
273
279.3
275.886
274.318
273.601
273.274
273.125
273.057
273.026
273.012
273.005
273.003
273.001
273.001
273
273
273
273
273
273
273
273
273
273
273
273
273
273
273
273
273
273
273
273
273
273
273
273
273
279.267
275.839
274.282
273.579
273.261
273.118
273.054
273.024
273.011
273.005
273.002
273.001
273
273
273
273
273
273
273
273
273
273
273
273
273
273
273
273
273
273
273
273
273
273
273
273
273
273
279.139
275.706
274.198
273.533
273.239
273.108
273.049
273.022
273.01
273.005
273.002
273.001
273
273
273
273
273
273
273
273
273
273
273
273
273
273
273
273
273
273
273
273
273
273
273
273
273
273
278.593
275.343
274.018
273.451
273.202
273.091
273.041
273.019
273.009
273.004
273.002
273.001
273
273
273
273
273
273
273
273
273
273
273
273
273
273
273
273
273
273
273
273
273
273
273
273
273
273
279.322
275.925
274.354
273.627
273.29
273.135
273.062
273.029
273.013
273.006
273.003
273.001
273.001
273
273
273
273
273
273
273
273
273
273
273
273
273
273
273
273
273
273
273
273
273
273
273
273
273
279.322
275.925
274.354
273.627
273.29
273.134
273.062
273.029
273.013
273.006
273.003
273.001
273.001
273
273
273
273
273
273
273
273
273
273
273
273
273
273
273
273
273
273
273
273
273
273
273
273
273
279.321
275.923
274.352
273.625
273.289
273.133
273.062
273.028
273.013
273.006
273.003
273.001
273.001
273
273
273
273
273
273
273
273
273
273
273
273
273
273
273
273
273
273
273
273
273
273
273
273
273
279.319
275.918
274.347
273.621
273.286
273.132
273.061
273.028
273.013
273.006
273.003
273.001
273.001
273
273
273
273
273
273
273
273
273
273
273
273
273
273
273
273
273
273
273
273
273
273
273
273
273
279.309
275.902
274.332
273.611
273.28
273.128
273.059
273.027
273.012
273.006
273.003
273.001
273.001
273
273
273
273
273
273
273
273
273
273
273
273
273
273
273
273
273
273
273
273
273
273
273
273
273
279.276
275.855
274.296
273.588
273.267
273.122
273.055
273.025
273.012
273.005
273.002
273.001
273.001
273
273
273
273
273
273
273
273
273
273
273
273
273
273
273
273
273
273
273
273
273
273
273
273
273
279.148
275.721
274.211
273.542
273.244
273.111
273.05
273.023
273.01
273.005
273.002
273.001
273
273
273
273
273
273
273
273
273
273
273
273
273
273
273
273
273
273
273
273
273
273
273
273
273
273
278.602
275.357
274.03
273.459
273.207
273.094
273.043
273.02
273.009
273.004
273.002
273.001
273
273
273
273
273
273
273
273
273
273
273
273
273
273
273
273
273
273
273
273
273
273
273
273
273
273
279.325
275.931
274.36
273.631
273.293
273.136
273.063
273.029
273.014
273.006
273.003
273.001
273.001
273
273
273
273
273
273
273
273
273
273
273
273
273
273
273
273
273
273
273
273
273
273
273
273
273
279.325
275.93
274.359
273.631
273.293
273.136
273.063
273.029
273.014
273.006
273.003
273.001
273.001
273
273
273
273
273
273
273
273
273
273
273
273
273
273
273
273
273
273
273
273
273
273
273
273
273
279.324
275.929
274.357
273.629
273.292
273.135
273.063
273.029
273.013
273.006
273.003
273.001
273.001
273
273
273
273
273
273
273
273
273
273
273
273
273
273
273
273
273
273
273
273
273
273
273
273
273
279.321
275.923
274.352
273.625
273.289
273.134
273.062
273.028
273.013
273.006
273.003
273.001
273.001
273
273
273
273
273
273
273
273
273
273
273
273
273
273
273
273
273
273
273
273
273
273
273
273
273
279.312
275.907
274.338
273.615
273.283
273.13
273.06
273.027
273.013
273.006
273.003
273.001
273.001
273
273
273
273
273
273
273
273
273
273
273
273
273
273
273
273
273
273
273
273
273
273
273
273
273
279.279
275.86
274.301
273.592
273.27
273.123
273.056
273.026
273.012
273.005
273.003
273.001
273.001
273
273
273
273
273
273
273
273
273
273
273
273
273
273
273
273
273
273
273
273
273
273
273
273
273
279.15
275.726
274.216
273.546
273.247
273.112
273.051
273.023
273.011
273.005
273.002
273.001
273
273
273
273
273
273
273
273
273
273
273
273
273
273
273
273
273
273
273
273
273
273
273
273
273
273
278.604
275.362
274.035
273.463
273.209
273.095
273.044
273.02
273.009
273.004
273.002
273.001
273
273
273
273
273
273
273
273
273
273
273
273
273
273
273
273
273
273
273
273
273
273
273
273
273
273
279.326
275.932
274.362
273.633
273.295
273.137
273.064
273.03
273.014
273.006
273.003
273.001
273.001
273
273
273
273
273
273
273
273
273
273
273
273
273
273
273
273
273
273
273
273
273
273
273
273
273
279.326
275.932
274.361
273.633
273.294
273.137
273.064
273.03
273.014
273.006
273.003
273.001
273.001
273
273
273
273
273
273
273
273
273
273
273
273
273
273
273
273
273
273
273
273
273
273
273
273
273
279.325
275.93
274.359
273.631
273.293
273.136
273.063
273.029
273.014
273.006
273.003
273.001
273.001
273
273
273
273
273
273
273
273
273
273
273
273
273
273
273
273
273
273
273
273
273
273
273
273
273
279.322
275.925
274.354
273.627
273.29
273.134
273.062
273.029
273.013
273.006
273.003
273.001
273.001
273
273
273
273
273
273
273
273
273
273
273
273
273
273
273
273
273
273
273
273
273
273
273
273
273
279.313
275.909
274.34
273.617
273.284
273.131
273.06
273.028
273.013
273.006
273.003
273.001
273.001
273
273
273
273
273
273
273
273
273
273
273
273
273
273
273
273
273
273
273
273
273
273
273
273
273
279.28
275.862
274.303
273.594
273.271
273.124
273.057
273.026
273.012
273.006
273.003
273.001
273.001
273
273
273
273
273
273
273
273
273
273
273
273
273
273
273
273
273
273
273
273
273
273
273
273
273
279.151
275.728
274.218
273.548
273.248
273.113
273.052
273.024
273.011
273.005
273.002
273.001
273
273
273
273
273
273
273
273
273
273
273
273
273
273
273
273
273
273
273
273
273
273
273
273
273
273
278.605
275.363
274.037
273.464
273.21
273.096
273.044
273.02
273.009
273.004
273.002
273.001
273
273
273
273
273
273
273
273
273
273
273
273
273
273
273
273
273
273
273
273
273
273
273
273
273
273
279.326
275.933
274.362
273.634
273.295
273.137
273.064
273.03
273.014
273.006
273.003
273.001
273.001
273
273
273
273
273
273
273
273
273
273
273
273
273
273
273
273
273
273
273
273
273
273
273
273
273
279.326
275.933
274.362
273.633
273.295
273.137
273.064
273.03
273.014
273.006
273.003
273.001
273.001
273
273
273
273
273
273
273
273
273
273
273
273
273
273
273
273
273
273
273
273
273
273
273
273
273
279.325
275.931
274.36
273.632
273.293
273.136
273.063
273.029
273.014
273.006
273.003
273.001
273.001
273
273
273
273
273
273
273
273
273
273
273
273
273
273
273
273
273
273
273
273
273
273
273
273
273
279.322
275.926
274.355
273.627
273.291
273.135
273.062
273.029
273.013
273.006
273.003
273.001
273.001
273
273
273
273
273
273
273
273
273
273
273
273
273
273
273
273
273
273
273
273
273
273
273
273
273
279.313
275.909
274.34
273.617
273.284
273.131
273.06
273.028
273.013
273.006
273.003
273.001
273.001
273
273
273
273
273
273
273
273
273
273
273
273
273
273
273
273
273
273
273
273
273
273
273
273
273
279.28
275.862
274.304
273.595
273.272
273.124
273.057
273.026
273.012
273.006
273.003
273.001
273.001
273
273
273
273
273
273
273
273
273
273
273
273
273
273
273
273
273
273
273
273
273
273
273
273
273
279.151
275.728
274.218
273.548
273.248
273.113
273.052
273.024
273.011
273.005
273.002
273.001
273
273
273
273
273
273
273
273
273
273
273
273
273
273
273
273
273
273
273
273
273
273
273
273
273
273
278.605
275.364
274.037
273.465
273.211
273.096
273.044
273.02
273.009
273.004
273.002
273.001
273
273
273
273
273
273
273
273
273
273
273
273
273
273
273
273
273
273
273
273
273
273
273
273
273
273
273.02
273.016
273.012
273.008
273.005
273.003
273.002
273.001
273.001
273
273
273
273
273
273
273
273
273
273
273
273
273
273
273
273
273
273
273
273
273
273
273
273
273
273
273
273
273
273.02
273.016
273.012
273.008
273.005
273.003
273.002
273.001
273.001
273
273
273
273
273
273
273
273
273
273
273
273
273
273
273
273
273
273
273
273
273
273
273
273
273
273
273
273
273
273.02
273.016
273.011
273.008
273.005
273.003
273.002
273.001
273.001
273
273
273
273
273
273
273
273
273
273
273
273
273
273
273
273
273
273
273
273
273
273
273
273
273
273
273
273
273
273.019
273.015
273.011
273.008
273.005
273.003
273.002
273.001
273.001
273
273
273
273
273
273
273
273
273
273
273
273
273
273
273
273
273
273
273
273
273
273
273
273
273
273
273
273
273
273.019
273.015
273.011
273.007
273.005
273.003
273.002
273.001
273.001
273
273
273
273
273
273
273
273
273
273
273
273
273
273
273
273
273
273
273
273
273
273
273
273
273
273
273
273
273
273.017
273.014
273.01
273.007
273.004
273.003
273.002
273.001
273.001
273
273
273
273
273
273
273
273
273
273
273
273
273
273
273
273
273
273
273
273
273
273
273
273
273
273
273
273
273
273.016
273.012
273.009
273.006
273.004
273.002
273.001
273.001
273
273
273
273
273
273
273
273
273
273
273
273
273
273
273
273
273
273
273
273
273
273
273
273
273
273
273
273
273
273
273.013
273.01
273.008
273.005
273.003
273.002
273.001
273.001
273
273
273
273
273
273
273
273
273
273
273
273
273
273
273
273
273
273
273
273
273
273
273
273
273
273
273
273
273
273
273.034
273.026
273.018
273.012
273.008
273.005
273.003
273.002
273.001
273
273
273
273
273
273
273
273
273
273
273
273
273
273
273
273
273
273
273
273
273
273
273
273
273
273
273
273
273
273.034
273.026
273.018
273.012
273.008
273.005
273.003
273.001
273.001
273
273
273
273
273
273
273
273
273
273
273
273
273
273
273
273
273
273
273
273
273
273
273
273
273
273
273
273
273
273.033
273.025
273.018
273.012
273.007
273.004
273.003
273.001
273.001
273
273
273
273
273
273
273
273
273
273
273
273
273
273
273
273
273
273
273
273
273
273
273
273
273
273
273
273
273
273.033
273.025
273.017
273.012
273.007
273.004
273.003
273.001
273.001
273
273
273
273
273
273
273
273
273
273
273
273
273
273
273
273
273
273
273
273
273
273
273
273
273
273
273
273
273
273.031
273.024
273.017
273.011
273.007
273.004
273.002
273.001
273.001
273
273
273
273
273
273
273
273
273
273
273
273
273
273
273
273
273
273
273
273
273
273
273
273
273
273
273
273
273
273.029
273.022
273.016
273.01
273.006
273.004
273.002
273.001
273.001
273
273
273
273
273
273
273
273
273
273
273
273
273
273
273
273
273
273
273
273
273
273
273
273
273
273
273
273
273
273.026
273.02
273.014
273.009
273.006
273.003
273.002
273.001
273.001
273
273
273
273
273
273
273
273
273
273
273
273
273
273
273
273
273
273
273
273
273
273
273
273
273
273
273
273
273
273.022
273.017
273.012
273.008
273.005
273.003
273.002
273.001
273.001
273
273
273
273
273
273
273
273
273
273
273
273
273
273
273
273
273
273
273
273
273
273
273
273
273
273
273
273
273
273.069
273.051
273.035
273.022
273.013
273.008
273.004
273.002
273.001
273.001
273
273
273
273
273
273
273
273
273
273
273
273
273
273
273
273
273
273
273
273
273
273
273
273
273
273
273
273
273.069
273.051
273.034
273.022
273.013
273.008
273.004
273.002
273.001
273.001
273
273
273
273
273
273
273
273
273
273
273
273
273
273
273
273
273
273
273
273
273
273
273
273
273
273
273
273
273.069
273.05
273.034
273.022
273.013
273.007
273.004
273.002
273.001
273.001
273
273
273
273
273
273
273
273
273
273
273
273
273
273
273
273
273
273
273
273
273
273
273
273
273
273
273
273
273.068
273.049
273.033
273.021
273.013
273.007
273.004
273.002
273.001
273.001
273
273
273
273
273
273
273
273
273
273
273
273
273
273
273
273
273
273
273
273
273
273
273
273
273
273
273
273
273.065
273.048
273.032
273.02
273.012
273.007
273.004
273.002
273.001
273.001
273
273
273
273
273
273
273
273
273
273
273
273
273
273
273
273
273
273
273
273
273
273
273
273
273
273
273
273
273.062
273.045
273.03
273.019
273.011
273.006
273.004
273.002
273.001
273.001
273
273
273
273
273
273
273
273
273
273
273
273
273
273
273
273
273
273
273
273
273
273
273
273
273
273
273
273
273.055
273.04
273.027
273.017
273.01
273.006
273.003
273.002
273.001
273
273
273
273
273
273
273
273
273
273
273
273
273
273
273
273
273
273
273
273
273
273
273
273
273
273
273
273
273
273.047
273.034
273.023
273.014
273.009
273.005
273.003
273.002
273.001
273
273
273
273
273
273
273
273
273
273
273
273
273
273
273
273
273
273
273
273
273
273
273
273
273
273
273
273
273
273.15
273.106
273.068
273.041
273.024
273.013
273.007
273.004
273.002
273.001
273
273
273
273
273
273
273
273
273
273
273
273
273
273
273
273
273
273
273
273
273
273
273
273
273
273
273
273
273.15
273.106
273.068
273.041
273.024
273.013
273.007
273.004
273.002
273.001
273
273
273
273
273
273
273
273
273
273
273
273
273
273
273
273
273
273
273
273
273
273
273
273
273
273
273
273
273.149
273.105
273.068
273.041
273.023
273.013
273.007
273.004
273.002
273.001
273
273
273
273
273
273
273
273
273
273
273
273
273
273
273
273
273
273
273
273
273
273
273
273
273
273
273
273
273.147
273.103
273.066
273.04
273.023
273.013
273.007
273.004
273.002
273.001
273
273
273
273
273
273
273
273
273
273
273
273
273
273
273
273
273
273
273
273
273
273
273
273
273
273
273
273
273.143
273.1
273.064
273.039
273.022
273.012
273.006
273.003
273.002
273.001
273
273
273
273
273
273
273
273
273
273
273
273
273
273
273
273
273
273
273
273
273
273
273
273
273
273
273
273
273.136
273.095
273.061
273.036
273.021
273.011
273.006
273.003
273.002
273.001
273
273
273
273
273
273
273
273
273
273
273
273
273
273
273
273
273
273
273
273
273
273
273
273
273
273
273
273
273.123
273.086
273.054
273.032
273.018
273.01
273.005
273.003
273.001
273.001
273
273
273
273
273
273
273
273
273
273
273
273
273
273
273
273
273
273
273
273
273
273
273
273
273
273
273
273
273.103
273.072
273.046
273.027
273.016
273.009
273.005
273.002
273.001
273.001
273
273
273
273
273
273
273
273
273
273
273
273
273
273
273
273
273
273
273
273
273
273
273
273
273
273
273
273
273.328
273.219
273.133
273.076
273.042
273.022
273.011
273.006
273.003
273.001
273.001
273
273
273
273
273
273
273
273
273
273
273
273
273
273
273
273
273
273
273
273
273
273
273
273
273
273
273
273.328
273.219
273.133
273.076
273.042
273.022
273.011
273.006
273.003
273.001
273.001
273
273
273
273
273
273
273
273
273
273
273
273
273
273
273
273
273
273
273
273
273
273
273
273
273
273
273
273.327
273.218
273.132
273.076
273.041
273.022
273.011
273.006
273.003
273.001
273.001
273
273
273
273
273
273
273
273
273
273
273
273
273
273
273
273
273
273
273
273
273
273
273
273
273
273
273
273.324
273.215
273.131
273.074
273.04
273.021
273.011
273.006
273.003
273.001
273.001
273
273
273
273
273
273
273
273
273
273
273
273
273
273
273
273
273
273
273
273
273
273
273
273
273
273
273
273.317
273.21
273.127
273.072
273.039
273.021
273.011
273.005
273.003
273.001
273.001
273
273
273
273
273
273
273
273
273
273
273
273
273
273
273
273
273
273
273
273
273
273
273
273
273
273
273
273.303
273.2
273.12
273.068
273.037
273.019
273.01
273.005
273.002
273.001
273.001
273
273
273
273
273
273
273
273
273
273
273
273
273
273
273
273
273
273
273
273
273
273
273
273
273
273
273
273.276
273.181
273.109
273.061
273.033
273.017
273.009
273.004
273.002
273.001
273.001
273
273
273
273
273
273
273
273
273
273
273
273
273
273
273
273
273
273
273
273
273
273
273
273
273
273
273
273.231
273.151
273.091
273.051
273.028
273.015
273.008
273.004
273.002
273.001
273
273
273
273
273
273
273
273
273
273
273
273
273
273
273
273
273
273
273
273
273
273
273
273
273
273
273
273
273.712
273.442
273.252
273.135
273.07
273.036
273.018
273.009
273.004
273.002
273.001
273
273
273
273
273
273
273
273
273
273
273
273
273
273
273
273
273
273
273
273
273
273
273
273
273
273
273
273.712
273.442
273.251
273.135
273.07
273.035
273.018
273.009
273.004
273.002
273.001
273
273
273
273
273
273
273
273
273
273
273
273
273
273
273
273
273
273
273
273
273
273
273
273
273
273
273
273.71
273.441
273.25
273.134
273.07
273.035
273.017
273.009
273.004
273.002
273.001
273
273
273
273
273
273
273
273
273
273
273
273
273
273
273
273
273
273
273
273
273
273
273
273
273
273
273
273.706
273.437
273.248
273.133
273.068
273.034
273.017
273.008
273.004
273.002
273.001
273
273
273
273
273
273
273
273
273
273
273
273
273
273
273
273
273
273
273
273
273
273
273
273
273
273
273
273.695
273.429
273.242
273.129
273.066
273.033
273.016
273.008
273.004
273.002
273.001
273
273
273
273
273
273
273
273
273
273
273
273
273
273
273
273
273
273
273
273
273
273
273
273
273
273
273
273.671
273.411
273.23
273.122
273.062
273.031
273.015
273.007
273.004
273.002
273.001
273
273
273
273
273
273
273
273
273
273
273
273
273
273
273
273
273
273
273
273
273
273
273
273
273
273
273
273.619
273.376
273.209
273.11
273.056
273.028
273.014
273.007
273.003
273.002
273.001
273
273
273
273
273
273
273
273
273
273
273
273
273
273
273
273
273
273
273
273
273
273
273
273
273
273
273
273.517
273.314
273.175
273.093
273.047
273.024
273.012
273.006
273.003
273.001
273.001
273
273
273
273
273
273
273
273
273
273
273
273
273
273
273
273
273
273
273
273
273
273
273
273
273
273
273
274.519
273.856
273.448
273.225
273.111
273.054
273.026
273.012
273.006
273.003
273.001
273.001
273
273
273
273
273
273
273
273
273
273
273
273
273
273
273
273
273
273
273
273
273
273
273
273
273
273
274.519
273.856
273.448
273.225
273.111
273.054
273.026
273.012
273.006
273.003
273.001
273.001
273
273
273
273
273
273
273
273
273
273
273
273
273
273
273
273
273
273
273
273
273
273
273
273
273
273
274.517
273.854
273.446
273.224
273.11
273.053
273.025
273.012
273.006
273.003
273.001
273.001
273
273
273
273
273
273
273
273
273
273
273
273
273
273
273
273
273
273
273
273
273
273
273
273
273
273
274.511
273.849
273.443
273.222
273.108
273.052
273.025
273.012
273.006
273.003
273.001
273.001
273
273
273
273
273
273
273
273
273
273
273
273
273
273
273
273
273
273
273
273
273
273
273
273
273
273
274.497
273.838
273.435
273.217
273.105
273.051
273.024
273.011
273.005
273.003
273.001
273.001
273
273
273
273
273
273
273
273
273
273
273
273
273
273
273
273
273
273
273
273
273
273
273
273
273
273
274.461
273.811
273.417
273.206
273.1
273.048
273.023
273.011
273.005
273.002
273.001
273.001
273
273
273
273
273
273
273
273
273
273
273
273
273
273
273
273
273
273
273
273
273
273
273
273
273
273
274.37
273.75
273.382
273.187
273.09
273.043
273.02
273.01
273.004
273.002
273.001
273
273
273
273
273
273
273
273
273
273
273
273
273
273
273
273
273
273
273
273
273
273
273
273
273
273
273
274.156
273.627
273.319
273.157
273.076
273.036
273.017
273.008
273.004
273.002
273.001
273
273
273
273
273
273
273
273
273
273
273
273
273
273
273
273
273
273
273
273
273
273
273
273
273
273
273
276.105
274.534
273.731
273.344
273.161
273.075
273.035
273.016
273.008
273.004
273.002
273.001
273
273
273
273
273
273
273
273
273
273
273
273
273
273
273
273
273
273
273
273
273
273
273
273
273
273
276.105
274.533
273.73
273.343
273.161
273.075
273.035
273.016
273.008
273.004
273.002
273.001
273
273
273
273
273
273
273
273
273
273
273
273
273
273
273
273
273
273
273
273
273
273
273
273
273
273
276.103
274.531
273.729
273.342
273.16
273.074
273.035
273.016
273.008
273.003
273.002
273.001
273
273
273
273
273
273
273
273
273
273
273
273
273
273
273
273
273
273
273
273
273
273
273
273
273
273
276.098
274.526
273.724
273.339
273.158
273.073
273.034
273.016
273.007
273.003
273.002
273.001
273
273
273
273
273
273
273
273
273
273
273
273
273
273
273
273
273
273
273
273
273
273
273
273
273
273
276.084
274.512
273.714
273.332
273.154
273.071
273.033
273.015
273.007
273.003
273.002
273.001
273
273
273
273
273
273
273
273
273
273
273
273
273
273
273
273
273
273
273
273
273
273
273
273
273
273
276.042
274.476
273.69
273.318
273.146
273.067
273.031
273.014
273.007
273.003
273.001
273.001
273
273
273
273
273
273
273
273
273
273
273
273
273
273
273
273
273
273
273
273
273
273
273
273
273
273
275.912
274.385
273.637
273.29
273.133
273.061
273.028
273.013
273.006
273.003
273.001
273.001
273
273
273
273
273
273
273
273
273
273
273
273
273
273
273
273
273
273
273
273
273
273
273
273
273
273
275.519
274.17
273.534
273.244
273.112
273.051
273.024
273.011
273.005
273.002
273.001
273.001
273
273
273
273
273
273
273
273
273
273
273
273
273
273
273
273
273
273
273
273
273
273
273
273
273
273
275.519
274.17
273.534
273.244
273.112
273.051
273.024
273.011
273.005
273.002
273.001
273.001
273
273
273
273
273
273
273
273
273
273
273
273
273
273
273
273
273
273
273
273
273
273
273
273
273
273
274.156
273.627
273.319
273.157
273.076
273.036
273.017
273.008
273.004
273.002
273.001
273
273
273
273
273
273
273
273
273
273
273
273
273
273
273
273
273
273
273
273
273
273
273
273
273
273
273
273.517
273.314
273.175
273.093
273.047
273.024
273.012
273.006
273.003
273.001
273.001
273
273
273
273
273
273
273
273
273
273
273
273
273
273
273
273
273
273
273
273
273
273
273
273
273
273
273
273.231
273.151
273.091
273.051
273.028
273.015
273.008
273.004
273.002
273.001
273
273
273
273
273
273
273
273
273
273
273
273
273
273
273
273
273
273
273
273
273
273
273
273
273
273
273
273
273.103
273.072
273.046
273.027
273.016
273.009
273.005
273.002
273.001
273.001
273
273
273
273
273
273
273
273
273
273
273
273
273
273
273
273
273
273
273
273
273
273
273
273
273
273
273
273
273.047
273.034
273.023
273.014
273.009
273.005
273.003
273.001
273.001
273
273
273
273
273
273
273
273
273
273
273
273
273
273
273
273
273
273
273
273
273
273
273
273
273
273
273
273
273
273.022
273.017
273.012
273.008
273.005
273.003
273.002
273.001
273.001
273
273
273
273
273
273
273
273
273
273
273
273
273
273
273
273
273
273
273
273
273
273
273
273
273
273
273
273
273
273.013
273.01
273.008
273.005
273.003
273.002
273.001
273.001
273
273
273
273
273
273
273
273
273
273
273
273
273
273
273
273
273
273
273
273
273
273
273
273
273
273
273
273
273
273
275.912
274.385
273.637
273.29
273.133
273.061
273.028
273.013
273.006
273.003
273.001
273.001
273
273
273
273
273
273
273
273
273
273
273
273
273
273
273
273
273
273
273
273
273
273
273
273
273
273
274.37
273.75
273.382
273.187
273.09
273.043
273.02
273.01
273.004
273.002
273.001
273
273
273
273
273
273
273
273
273
273
273
273
273
273
273
273
273
273
273
273
273
273
273
273
273
273
273
273.619
273.376
273.209
273.11
273.056
273.028
273.014
273.007
273.003
273.002
273.001
273
273
273
273
273
273
273
273
273
273
273
273
273
273
273
273
273
273
273
273
273
273
273
273
273
273
273
273.276
273.181
273.109
273.061
273.033
273.017
273.009
273.004
273.002
273.001
273.001
273
273
273
273
273
273
273
273
273
273
273
273
273
273
273
273
273
273
273
273
273
273
273
273
273
273
273
273.123
273.086
273.054
273.032
273.018
273.01
273.005
273.003
273.001
273.001
273
273
273
273
273
273
273
273
273
273
273
273
273
273
273
273
273
273
273
273
273
273
273
273
273
273
273
273
273.055
273.04
273.027
273.017
273.01
273.006
273.003
273.002
273.001
273
273
273
273
273
273
273
273
273
273
273
273
273
273
273
273
273
273
273
273
273
273
273
273
273
273
273
273
273
273.026
273.02
273.014
273.009
273.006
273.003
273.002
273.001
273.001
273
273
273
273
273
273
273
273
273
273
273
273
273
273
273
273
273
273
273
273
273
273
273
273
273
273
273
273
273
273.016
273.012
273.009
273.006
273.004
273.002
273.001
273.001
273
273
273
273
273
273
273
273
273
273
273
273
273
273
273
273
273
273
273
273
273
273
273
273
273
273
273
273
273
273
276.042
274.476
273.69
273.318
273.146
273.067
273.031
273.014
273.007
273.003
273.001
273.001
273
273
273
273
273
273
273
273
273
273
273
273
273
273
273
273
273
273
273
273
273
273
273
273
273
273
274.461
273.811
273.417
273.206
273.1
273.048
273.023
273.011
273.005
273.002
273.001
273.001
273
273
273
273
273
273
273
273
273
273
273
273
273
273
273
273
273
273
273
273
273
273
273
273
273
273
273.671
273.411
273.23
273.122
273.062
273.031
273.015
273.007
273.004
273.002
273.001
273
273
273
273
273
273
273
273
273
273
273
273
273
273
273
273
273
273
273
273
273
273
273
273
273
273
273
273.303
273.2
273.12
273.068
273.037
273.019
273.01
273.005
273.002
273.001
273.001
273
273
273
273
273
273
273
273
273
273
273
273
273
273
273
273
273
273
273
273
273
273
273
273
273
273
273
273.136
273.095
273.061
273.036
273.021
273.011
273.006
273.003
273.002
273.001
273
273
273
273
273
273
273
273
273
273
273
273
273
273
273
273
273
273
273
273
273
273
273
273
273
273
273
273
273.062
273.045
273.03
273.019
273.011
273.006
273.004
273.002
273.001
273.001
273
273
273
273
273
273
273
273
273
273
273
273
273
273
273
273
273
273
273
273
273
273
273
273
273
273
273
273
273.029
273.022
273.016
273.01
273.006
273.004
273.002
273.001
273.001
273
273
273
273
273
273
273
273
273
273
273
273
273
273
273
273
273
273
273
273
273
273
273
273
273
273
273
273
273
273.017
273.014
273.01
273.007
273.004
273.003
273.002
273.001
273.001
273
273
273
273
273
273
273
273
273
273
273
273
273
273
273
273
273
273
273
273
273
273
273
273
273
273
273
273
273
276.084
274.512
273.714
273.332
273.154
273.071
273.033
273.015
273.007
273.003
273.002
273.001
273
273
273
273
273
273
273
273
273
273
273
273
273
273
273
273
273
273
273
273
273
273
273
273
273
273
274.497
273.838
273.435
273.217
273.105
273.051
273.024
273.011
273.005
273.003
273.001
273.001
273
273
273
273
273
273
273
273
273
273
273
273
273
273
273
273
273
273
273
273
273
273
273
273
273
273
273.695
273.429
273.242
273.129
273.066
273.033
273.016
273.008
273.004
273.002
273.001
273
273
273
273
273
273
273
273
273
273
273
273
273
273
273
273
273
273
273
273
273
273
273
273
273
273
273
273.317
273.21
273.127
273.072
273.039
273.021
273.011
273.005
273.003
273.001
273.001
273
273
273
273
273
273
273
273
273
273
273
273
273
273
273
273
273
273
273
273
273
273
273
273
273
273
273
273.143
273.1
273.064
273.039
273.022
273.012
273.006
273.003
273.002
273.001
273
273
273
273
273
273
273
273
273
273
273
273
273
273
273
273
273
273
273
273
273
273
273
273
273
273
273
273
273.065
273.048
273.032
273.02
273.012
273.007
273.004
273.002
273.001
273.001
273
273
273
273
273
273
273
273
273
273
273
273
273
273
273
273
273
273
273
273
273
273
273
273
273
273
273
273
273.031
273.024
273.017
273.011
273.007
273.004
273.002
273.001
273.001
273
273
273
273
273
273
273
273
273
273
273
273
273
273
273
273
273
273
273
273
273
273
273
273
273
273
273
273
273
273.019
273.015
273.011
273.007
273.005
273.003
273.002
273.001
273.001
273
273
273
273
273
273
273
273
273
273
273
273
273
273
273
273
273
273
273
273
273
273
273
273
273
273
273
273
273
276.098
274.526
273.724
273.339
273.158
273.073
273.034
273.016
273.007
273.003
273.002
273.001
273
273
273
273
273
273
273
273
273
273
273
273
273
273
273
273
273
273
273
273
273
273
273
273
273
273
274.511
273.849
273.443
273.222
273.108
273.052
273.025
273.012
273.006
273.003
273.001
273.001
273
273
273
273
273
273
273
273
273
273
273
273
273
273
273
273
273
273
273
273
273
273
273
273
273
273
273.706
273.437
273.248
273.133
273.068
273.034
273.017
273.008
273.004
273.002
273.001
273
273
273
273
273
273
273
273
273
273
273
273
273
273
273
273
273
273
273
273
273
273
273
273
273
273
273
273.324
273.215
273.131
273.074
273.04
273.021
273.011
273.006
273.003
273.001
273.001
273
273
273
273
273
273
273
273
273
273
273
273
273
273
273
273
273
273
273
273
273
273
273
273
273
273
273
273.147
273.103
273.066
273.04
273.023
273.013
273.007
273.004
273.002
273.001
273
273
273
273
273
273
273
273
273
273
273
273
273
273
273
273
273
273
273
273
273
273
273
273
273
273
273
273
273.068
273.049
273.033
273.021
273.013
273.007
273.004
273.002
273.001
273.001
273
273
273
273
273
273
273
273
273
273
273
273
273
273
273
273
273
273
273
273
273
273
273
273
273
273
273
273
273.033
273.025
273.017
273.012
273.007
273.004
273.003
273.001
273.001
273
273
273
273
273
273
273
273
273
273
273
273
273
273
273
273
273
273
273
273
273
273
273
273
273
273
273
273
273
273.019
273.015
273.011
273.008
273.005
273.003
273.002
273.001
273.001
273
273
273
273
273
273
273
273
273
273
273
273
273
273
273
273
273
273
273
273
273
273
273
273
273
273
273
273
273
276.103
274.532
273.729
273.342
273.16
273.074
273.035
273.016
273.008
273.003
273.002
273.001
273
273
273
273
273
273
273
273
273
273
273
273
273
273
273
273
273
273
273
273
273
273
273
273
273
273
274.517
273.854
273.447
273.224
273.11
273.053
273.025
273.012
273.006
273.003
273.001
273.001
273
273
273
273
273
273
273
273
273
273
273
273
273
273
273
273
273
273
273
273
273
273
273
273
273
273
273.71
273.441
273.25
273.134
273.07
273.035
273.017
273.009
273.004
273.002
273.001
273
273
273
273
273
273
273
273
273
273
273
273
273
273
273
273
273
273
273
273
273
273
273
273
273
273
273
273.327
273.218
273.132
273.076
273.041
273.022
273.011
273.006
273.003
273.001
273.001
273
273
273
273
273
273
273
273
273
273
273
273
273
273
273
273
273
273
273
273
273
273
273
273
273
273
273
273.149
273.105
273.068
273.041
273.023
273.013
273.007
273.004
273.002
273.001
273
273
273
273
273
273
273
273
273
273
273
273
273
273
273
273
273
273
273
273
273
273
273
273
273
273
273
273
273.069
273.05
273.034
273.022
273.013
273.007
273.004
273.002
273.001
273.001
273
273
273
273
273
273
273
273
273
273
273
273
273
273
273
273
273
273
273
273
273
273
273
273
273
273
273
273
273.033
273.025
273.018
273.012
273.007
273.004
273.003
273.001
273.001
273
273
273
273
273
273
273
273
273
273
273
273
273
273
273
273
273
273
273
273
273
273
273
273
273
273
273
273
273
273.02
273.016
273.011
273.008
273.005
273.003
273.002
273.001
273.001
273
273
273
273
273
273
273
273
273
273
273
273
273
273
273
273
273
273
273
273
273
273
273
273
273
273
273
273
273
276.105
274.534
273.73
273.343
273.161
273.075
273.035
273.016
273.008
273.004
273.002
273.001
273
273
273
273
273
273
273
273
273
273
273
273
273
273
273
273
273
273
273
273
273
273
273
273
273
273
274.519
273.856
273.448
273.225
273.111
273.054
273.026
273.012
273.006
273.003
273.001
273.001
273
273
273
273
273
273
273
273
273
273
273
273
273
273
273
273
273
273
273
273
273
273
273
273
273
273
273.712
273.442
273.251
273.135
273.07
273.035
273.018
273.009
273.004
273.002
273.001
273
273
273
273
273
273
273
273
273
273
273
273
273
273
273
273
273
273
273
273
273
273
273
273
273
273
273
273.328
273.219
273.133
273.076
273.042
273.022
273.011
273.006
273.003
273.001
273.001
273
273
273
273
273
273
273
273
273
273
273
273
273
273
273
273
273
273
273
273
273
273
273
273
273
273
273
273.15
273.106
273.068
273.041
273.024
273.013
273.007
273.004
273.002
273.001
273
273
273
273
273
273
273
273
273
273
273
273
273
273
273
273
273
273
273
273
273
273
273
273
273
273
273
273
273.069
273.051
273.034
273.022
273.013
273.008
273.004
273.002
273.001
273.001
273
273
273
273
273
273
273
273
273
273
273
273
273
273
273
273
273
273
273
273
273
273
273
273
273
273
273
273
273.034
273.026
273.018
273.012
273.008
273.005
273.003
273.001
273.001
273
273
273
273
273
273
273
273
273
273
273
273
273
273
273
273
273
273
273
273
273
273
273
273
273
273
273
273
273
273.02
273.016
273.012
273.008
273.005
273.003
273.002
273.001
273.001
273
273
273
273
273
273
273
273
273
273
273
273
273
273
273
273
273
273
273
273
273
273
273
273
273
273
273
273
273
276.106
274.534
273.731
273.344
273.161
273.075
273.035
273.016
273.008
273.004
273.002
273.001
273
273
273
273
273
273
273
273
273
273
273
273
273
273
273
273
273
273
273
273
273
273
273
273
273
273
274.52
273.857
273.449
273.226
273.111
273.054
273.026
273.012
273.006
273.003
273.001
273.001
273
273
273
273
273
273
273
273
273
273
273
273
273
273
273
273
273
273
273
273
273
273
273
273
273
273
273.713
273.443
273.252
273.136
273.07
273.036
273.018
273.009
273.004
273.002
273.001
273
273
273
273
273
273
273
273
273
273
273
273
273
273
273
273
273
273
273
273
273
273
273
273
273
273
273
273.329
273.219
273.134
273.076
273.042
273.022
273.011
273.006
273.003
273.001
273.001
273
273
273
273
273
273
273
273
273
273
273
273
273
273
273
273
273
273
273
273
273
273
273
273
273
273
273
273.151
273.106
273.068
273.041
273.024
273.013
273.007
273.004
273.002
273.001
273
273
273
273
273
273
273
273
273
273
273
273
273
273
273
273
273
273
273
273
273
273
273
273
273
273
273
273
273.069
273.051
273.035
273.022
273.013
273.008
273.004
273.002
273.001
273.001
273
273
273
273
273
273
273
273
273
273
273
273
273
273
273
273
273
273
273
273
273
273
273
273
273
273
273
273
273.034
273.026
273.018
273.012
273.008
273.005
273.003
273.002
273.001
273
273
273
273
273
273
273
273
273
273
273
273
273
273
273
273
273
273
273
273
273
273
273
273
273
273
273
273
273
273.02
273.016
273.012
273.008
273.005
273.003
273.002
273.001
273.001
273
273
273
273
273
273
273
273
273
273
273
273
273
273
273
273
273
273
273
273
273
273
273
273
273
273
273
273
273
273.011
273.008
273.006
273.004
273.003
273.002
273.001
273.001
273
273
273
273
273
273
273
273
273
273
273
273
273
273
273
273
273
273
273
273
273
273
273
273
273
273
273
273
273
273
273.008
273.006
273.005
273.003
273.002
273.001
273.001
273
273
273
273
273
273
273
273
273
273
273
273
273
273
273
273
273
273
273
273
273
273
273
273
273
273
273
273
273
273
273
273.006
273.004
273.003
273.002
273.002
273.001
273.001
273
273
273
273
273
273
273
273
273
273
273
273
273
273
273
273
273
273
273
273
273
273
273
273
273
273
273
273
273
273
273
273.004
273.003
273.002
273.002
273.001
273.001
273
273
273
273
273
273
273
273
273
273
273
273
273
273
273
273
273
273
273
273
273
273
273
273
273
273
273
273
273
273
273
273
273.002
273.002
273.001
273.001
273.001
273
273
273
273
273
273
273
273
273
273
273
273
273
273
273
273
273
273
273
273
273
273
273
273
273
273
273
273
273
273
273
273
273
273.001
273.001
273.001
273.001
273
273
273
273
273
273
273
273
273
273
273
273
273
273
273
273
273
273
273
273
273
273
273
273
273
273
273
273
273
273
273
273
273
273
273.001
273.001
273.001
273
273
273
273
273
273
273
273
273
273
273
273
273
273
273
273
273
273
273
273
273
273
273
273
273
273
273
273
273
273
273
273
273
273
273
273.001
273.001
273
273
273
273
273
273
273
273
273
273
273
273
273
273
273
273
273
273
273
273
273
273
273
273
273
273
273
273
273
273
273
273
273
273
273
273
273.018
273.013
273.009
273.006
273.004
273.002
273.001
273.001
273
273
273
273
273
273
273
273
273
273
273
273
273
273
273
273
273
273
273
273
273
273
273
273
273
273
273
273
273
273
273.013
273.01
273.007
273.005
273.003
273.002
273.001
273.001
273
273
273
273
273
273
273
273
273
273
273
273
273
273
273
273
273
273
273
273
273
273
273
273
273
273
273
273
273
273
273.009
273.007
273.005
273.003
273.002
273.001
273.001
273
273
273
273
273
273
273
273
273
273
273
273
273
273
273
273
273
273
273
273
273
273
273
273
273
273
273
273
273
273
273
273.006
273.004
273.003
273.002
273.002
273.001
273.001
273
273
273
273
273
273
273
273
273
273
273
273
273
273
273
273
273
273
273
273
273
273
273
273
273
273
273
273
273
273
273
273.003
273.003
273.002
273.001
273.001
273.001
273
273
273
273
273
273
273
273
273
273
273
273
273
273
273
273
273
273
273
273
273
273
273
273
273
273
273
273
273
273
273
273
273.002
273.002
273.001
273.001
273.001
273
273
273
273
273
273
273
273
273
273
273
273
273
273
273
273
273
273
273
273
273
273
273
273
273
273
273
273
273
273
273
273
273
273.001
273.001
273.001
273.001
273
273
273
273
273
273
273
273
273
273
273
273
273
273
273
273
273
273
273
273
273
273
273
273
273
273
273
273
273
273
273
273
273
273
273.001
273.001
273.001
273
273
273
273
273
273
273
273
273
273
273
273
273
273
273
273
273
273
273
273
273
273
273
273
273
273
273
273
273
273
273
273
273
273
273
273.036
273.026
273.018
273.011
273.007
273.004
273.002
273.001
273.001
273
273
273
273
273
273
273
273
273
273
273
273
273
273
273
273
273
273
273
273
273
273
273
273
273
273
273
273
273
273.025
273.019
273.013
273.008
273.005
273.003
273.002
273.001
273.001
273
273
273
273
273
273
273
273
273
273
273
273
273
273
273
273
273
273
273
273
273
273
273
273
273
273
273
273
273
273.017
273.013
273.009
273.006
273.004
273.002
273.001
273.001
273
273
273
273
273
273
273
273
273
273
273
273
273
273
273
273
273
273
273
273
273
273
273
273
273
273
273
273
273
273
273.01
273.008
273.006
273.004
273.002
273.001
273.001
273.001
273
273
273
273
273
273
273
273
273
273
273
273
273
273
273
273
273
273
273
273
273
273
273
273
273
273
273
273
273
273
273.006
273.005
273.003
273.002
273.002
273.001
273.001
273
273
273
273
273
273
273
273
273
273
273
273
273
273
273
273
273
273
273
273
273
273
273
273
273
273
273
273
273
273
273
273.003
273.003
273.002
273.001
273.001
273.001
273
273
273
273
273
273
273
273
273
273
273
273
273
273
273
273
273
273
273
273
273
273
273
273
273
273
273
273
273
273
273
273
273.002
273.002
273.001
273.001
273.001
273
273
273
273
273
273
273
273
273
273
273
273
273
273
273
273
273
273
273
273
273
273
273
273
273
273
273
273
273
273
273
273
273
273.001
273.001
273.001
273.001
273
273
273
273
273
273
273
273
273
273
273
273
273
273
273
273
273
273
273
273
273
273
273
273
273
273
273
273
273
273
273
273
273
273
273.078
273.055
273.035
273.021
273.012
273.007
273.004
273.002
273.001
273.001
273
273
273
273
273
273
273
273
273
273
273
273
273
273
273
273
273
273
273
273
273
273
273
273
273
273
273
273
273.053
273.038
273.025
273.016
273.009
273.005
273.003
273.002
273.001
273
273
273
273
273
273
273
273
273
273
273
273
273
273
273
273
273
273
273
273
273
273
273
273
273
273
273
273
273
273.033
273.024
273.017
273.01
273.006
273.004
273.002
273.001
273.001
273
273
273
273
273
273
273
273
273
273
273
273
273
273
273
273
273
273
273
273
273
273
273
273
273
273
273
273
273
273.02
273.015
273.01
273.007
273.004
273.002
273.001
273.001
273
273
273
273
273
273
273
273
273
273
273
273
273
273
273
273
273
273
273
273
273
273
273
273
273
273
273
273
273
273
273.011
273.008
273.006
273.004
273.003
273.002
273.001
273.001
273
273
273
273
273
273
273
273
273
273
273
273
273
273
273
273
273
273
273
273
273
273
273
273
273
273
273
273
273
273
273.006
273.005
273.003
273.002
273.002
273.001
273.001
273
273
273
273
273
273
273
273
273
273
273
273
273
273
273
273
273
273
273
273
273
273
273
273
273
273
273
273
273
273
273
273.003
273.003
273.002
273.001
273.001
273.001
273
273
273
273
273
273
273
273
273
273
273
273
273
273
273
273
273
273
273
273
273
273
273
273
273
273
273
273
273
273
273
273
273.002
273.002
273.001
273.001
273.001
273
273
273
273
273
273
273
273
273
273
273
273
273
273
273
273
273
273
273
273
273
273
273
273
273
273
273
273
273
273
273
273
273
273.168
273.113
273.069
273.04
273.022
273.012
273.006
273.003
273.002
273.001
273
273
273
273
273
273
273
273
273
273
273
273
273
273
273
273
273
273
273
273
273
273
273
273
273
273
273
273
273.109
273.075
273.048
273.028
273.016
273.009
273.005
273.002
273.001
273.001
273
273
273
273
273
273
273
273
273
273
273
273
273
273
273
273
273
273
273
273
273
273
273
273
273
273
273
273
273.065
273.046
273.03
273.018
273.011
273.006
273.003
273.002
273.001
273
273
273
273
273
273
273
273
273
273
273
273
273
273
273
273
273
273
273
273
273
273
273
273
273
273
273
273
273
273.036
273.027
273.018
273.011
273.007
273.004
273.002
273.001
273.001
273
273
273
273
273
273
273
273
273
273
273
273
273
273
273
273
273
273
273
273
273
273
273
273
273
273
273
273
273
273.02
273.015
273.01
273.007
273.004
273.002
273.001
273.001
273
273
273
273
273
273
273
273
273
273
273
273
273
273
273
273
273
273
273
273
273
273
273
273
273
273
273
273
273
273
273.01
273.008
273.006
273.004
273.002
273.001
273.001
273.001
273
273
273
273
273
273
273
273
273
273
273
273
273
273
273
273
273
273
273
273
273
273
273
273
273
273
273
273
273
273
273.006
273.004
273.003
273.002
273.002
273.001
273.001
273
273
273
273
273
273
273
273
273
273
273
273
273
273
273
273
273
273
273
273
273
273
273
273
273
273
273
273
273
273
273
273.004
273.003
273.002
273.002
273.001
273.001
273
273
273
273
273
273
273
273
273
273
273
273
273
273
273
273
273
273
273
273
273
273
273
273
273
273
273
273
273
273
273
273
273.361
273.227
273.13
273.07
273.037
273.019
273.009
273.005
273.002
273.001
273.001
273
273
273
273
273
273
273
273
273
273
273
273
273
273
273
273
273
273
273
273
273
273
273
273
273
273
273
273.221
273.145
273.086
273.049
273.026
273.014
273.007
273.004
273.002
273.001
273
273
273
273
273
273
273
273
273
273
273
273
273
273
273
273
273
273
273
273
273
273
273
273
273
273
273
273
273.123
273.084
273.053
273.031
273.017
273.009
273.005
273.003
273.001
273.001
273
273
273
273
273
273
273
273
273
273
273
273
273
273
273
273
273
273
273
273
273
273
273
273
273
273
273
273
273.065
273.046
273.03
273.018
273.011
273.006
273.003
273.002
273.001
273
273
273
273
273
273
273
273
273
273
273
273
273
273
273
273
273
273
273
273
273
273
273
273
273
273
273
273
273
273.033
273.024
273.017
273.01
273.006
273.004
273.002
273.001
273.001
273
273
273
273
273
273
273
273
273
273
273
273
273
273
273
273
273
273
273
273
273
273
273
273
273
273
273
273
273
273.017
273.013
273.009
273.006
273.004
273.002
273.001
273.001
273
273
273
273
273
273
273
273
273
273
273
273
273
273
273
273
273
273
273
273
273
273
273
273
273
273
273
273
273
273
273.009
273.007
273.005
273.003
273.002
273.001
273.001
273
273
273
273
273
273
273
273
273
273
273
273
273
273
273
273
273
273
273
273
273
273
273
273
273
273
273
273
273
273
273
273.006
273.004
273.003
273.002
273.002
273.001
273.001
273
273
273
273
273
273
273
273
273
273
273
273
273
273
273
273
273
273
273
273
273
273
273
273
273
273
273
273
273
273
273
273.755
273.434
273.231
273.117
273.058
273.028
273.014
273.007
273.003
273.001
273.001
273
273
273
273
273
273
273
273
273
273
273
273
273
273
273
273
273
273
273
273
273
273
273
273
273
273
273
273.425
273.262
273.148
273.079
273.041
273.02
273.01
273.005
273.002
273.001
273.001
273
273
273
273
273
273
273
273
273
273
273
273
273
273
273
273
273
273
273
273
273
273
273
273
273
273
273
273.221
273.145
273.086
273.049
273.026
273.014
273.007
273.004
273.002
273.001
273
273
273
273
273
273
273
273
273
273
273
273
273
273
273
273
273
273
273
273
273
273
273
273
273
273
273
273
273.109
273.075
273.048
273.028
273.016
273.009
273.005
273.002
273.001
273.001
273
273
273
273
273
273
273
273
273
273
273
273
273
273
273
273
273
273
273
273
273
273
273
273
273
273
273
273
273.053
273.038
273.025
273.016
273.009
273.005
273.003
273.002
273.001
273
273
273
273
273
273
273
273
273
273
273
273
273
273
273
273
273
273
273
273
273
273
273
273
273
273
273
273
273
273.025
273.019
273.013
273.008
273.005
273.003
273.002
273.001
273.001
273
273
273
273
273
273
273
273
273
273
273
273
273
273
273
273
273
273
273
273
273
273
273
273
273
273
273
273
273
273.013
273.01
273.007
273.005
273.003
273.002
273.001
273.001
273
273
273
273
273
273
273
273
273
273
273
273
273
273
273
273
273
273
273
273
273
273
273
273
273
273
273
273
273
273
273.008
273.006
273.005
273.003
273.002
273.001
273.001
273
273
273
273
273
273
273
273
273
273
273
273
273
273
273
273
273
273
273
273
273
273
273
273
273
273
273
273
273
273
273
274.484
273.768
273.375
273.179
273.085
273.04
273.019
273.009
273.004
273.002
273.001
273
273
273
273
273
273
273
273
273
273
273
273
273
273
273
273
273
273
273
273
273
273
273
273
273
273
273
273.755
273.434
273.231
273.117
273.058
273.028
273.014
273.007
273.003
273.001
273.001
273
273
273
273
273
273
273
273
273
273
273
273
273
273
273
273
273
273
273
273
273
273
273
273
273
273
273
273.361
273.227
273.13
273.07
273.037
273.019
273.009
273.005
273.002
273.001
273.001
273
273
273
273
273
273
273
273
273
273
273
273
273
273
273
273
273
273
273
273
273
273
273
273
273
273
273
273.168
273.113
273.069
273.04
273.022
273.012
273.006
273.003
273.002
273.001
273
273
273
273
273
273
273
273
273
273
273
273
273
273
273
273
273
273
273
273
273
273
273
273
273
273
273
273
273.078
273.055
273.035
273.021
273.012
273.007
273.004
273.002
273.001
273.001
273
273
273
273
273
273
273
273
273
273
273
273
273
273
273
273
273
273
273
273
273
273
273
273
273
273
273
273
273.036
273.026
273.018
273.011
273.007
273.004
273.002
273.001
273.001
273
273
273
273
273
273
273
273
273
273
273
273
273
273
273
273
273
273
273
273
273
273
273
273
273
273
273
273
273
273.018
273.013
273.009
273.006
273.004
273.002
273.001
273.001
273
273
273
273
273
273
273
273
273
273
273
273
273
273
273
273
273
273
273
273
273
273
273
273
273
273
273
273
273
273
273.011
273.008
273.006
273.004
273.003
273.002
273.001
273.001
273
273
273
273
273
273
273
273
273
273
273
273
273
273
273
273
273
273
273
273
273
273
273
273
273
273
273
273
273
273
)
;

boundaryField
{
    inlet
    {
        type            fixedValue;
        value           uniform 273;
    }
    outlet
    {
        type            zeroGradient;
    }
    top
    {
        type            zeroGradient;
    }
    bottom
    {
        type            zeroGradient;
    }
    left
    {
        type            zeroGradient;
    }
    symmetry
    {
        type            symmetry;
    }
    interface
    {
        type            fixedValue;
        value           nonuniform List<scalar> 
192
(
286.088
286.087
286.086
286.084
286.078
286.061
285.998
285.708
286.404
286.404
286.403
286.401
286.396
286.377
286.31
285.998
286.474
286.474
286.473
286.471
286.465
286.446
286.377
286.061
286.494
286.493
286.492
286.49
286.484
286.465
286.396
286.078
286.5
286.499
286.498
286.496
286.49
286.471
286.401
286.084
286.502
286.501
286.5
286.498
286.492
286.473
286.403
286.086
286.502
286.502
286.501
286.499
286.493
286.474
286.404
286.087
286.503
286.502
286.501
286.499
286.493
286.474
286.404
286.087
285.717
285.715
285.715
285.713
285.709
285.693
285.635
285.347
286.009
286.008
286.008
286.006
286.002
285.987
285.926
285.619
286.012
286.011
286.011
286.01
286.005
285.99
285.929
285.622
285.724
285.723
285.723
285.721
285.716
285.701
285.642
285.353
285.723
285.722
285.722
285.72
285.716
285.701
285.642
285.353
286.035
286.035
286.034
286.033
286.029
286.013
285.951
285.642
286.1
286.099
286.099
286.098
286.093
286.077
286.013
285.701
286.116
286.116
286.115
286.114
286.11
286.093
286.029
285.716
286.121
286.121
286.12
286.119
286.114
286.098
286.033
285.72
286.122
286.122
286.122
286.12
286.115
286.099
286.034
285.722
286.123
286.122
286.122
286.121
286.116
286.099
286.035
285.722
286.123
286.122
286.122
286.121
286.116
286.099
286.035
285.722
285.347
285.635
285.693
285.709
285.713
285.715
285.715
285.716
285.619
285.926
285.987
286.002
286.006
286.008
286.008
286.008
285.622
285.929
285.99
286.005
286.01
286.011
286.011
286.012
285.353
285.642
285.701
285.716
285.721
285.723
285.723
285.723
)
;
    }
}


// ************************************************************************* //
